#chrom	start	end	size	num_data	min	max	mean	median	sum
chr12	1940100	1940691	591	591	31.00	70.00	45.73	45.00	27028.00
chr1	27480473	27481381	908	908	14.00	56.00	32.62	31.00	29615.00
chr15	63112684	63112809	125	125	143.00	193.00	173.62	175.00	21702.00
chr5	149231737	149232254	517	517	2.00	18.00	11.35	12.00	5869.00
chr5	140865429	140867182	1753	1753	4.00	49.00	23.57	23.00	41323.00
chr1	32209793	32209958	165	165	90.00	149.00	126.70	127.00	20905.00
chr16	87873307	87873431	124	124	97.00	163.00	137.48	144.50	17047.00
chr17	34157438	34158175	737	737	1.00	17.00	6.85	6.00	5047.00
chr2	127815619	127816088	469	469	5.00	26.00	14.27	15.00	6693.00
chr1	208212965	208213112	147	147	44.00	64.00	53.51	53.00	7866.00
chr22	19703883	19704666	783	783	7.00	38.00	20.69	20.00	16203.00
chr16	87872319	87872423	104	104	105.00	172.00	133.07	135.00	13839.00
chr9	140055740	140055868	128	128	776.00	1028.00	897.96	898.00	114939.00
chr22	21096515	21096643	128	128	352.00	454.00	396.17	394.50	50710.00
chr9	140056321	140056540	219	219	2.00	1339.00	832.90	1085.00	182406.00
chr11	78379981	78380253	272	272	5.00	19.00	11.38	11.00	3095.00
chr3	11070420	11070533	113	113	218.00	304.00	265.58	275.00	30010.00
chr1	109812554	109813222	668	668	11.00	300.00	139.36	193.00	93093.00
chr2	220161954	220162155	201	201	442.00	726.00	576.28	593.00	115833.00
chr15	74706887	74707086	199	199	65.00	97.00	77.33	75.00	15388.00
chr17	7318829	7319426	597	597	118.00	252.00	168.81	162.00	100781.00
chr1	21560050	21560154	104	104	34.00	59.00	44.00	44.50	4576.00
chr1	25573799	25573952	153	153	3.00	141.00	87.03	101.00	13315.00
chr14	93198993	93199160	167	167	58.00	90.00	73.69	74.00	12306.00
chr1	205554003	205554119	116	116	122.00	169.00	142.41	142.50	16519.00
chr1	9795005	9795232	227	227	1075.00	1443.00	1236.59	1228.00	280706.00
chr17	42426525	42426670	145	145	39.00	77.00	62.91	66.00	9122.00
chr18	70205887	70206179	292	292	4.00	222.00	82.68	15.00	24142.00
chr1	205553082	205553251	169	169	124.00	174.00	150.49	147.00	25432.00
chr9	140056623	140056766	143	143	15.00	1170.00	759.03	847.00	108541.00
chr6	33412147	33412394	247	247	16.00	254.00	145.23	188.00	35871.00
chr12	89992366	89992547	181	181	2.00	390.00	291.73	343.00	52804.00
chr2	220088827	220089576	749	749	65.00	143.00	106.11	110.00	79475.00
chr14	100763073	100765222	2149	2149	2.00	40.00	16.84	17.00	36185.00
chr1	110740697	110742543	1846	1846	2.00	496.00	290.77	282.00	536753.00
chr1	149878201	149879758	1557	1557	9.00	699.00	179.09	25.00	278836.00
chr3	197264139	197265259	1120	1120	3.00	21.00	9.60	9.00	10752.00
chr8	56449623	56450530	907	907	2.00	10.00	5.71	6.00	5180.00
chr9	139354208	139354326	118	118	26.00	46.00	34.52	34.00	4073.00
chr1	32204908	32205236	328	328	260.00	434.00	316.21	311.00	103716.00
chr7	75608768	75608897	129	129	64.00	87.00	73.17	72.00	9439.00
chr19	45161029	45161178	149	149	24.00	44.00	33.22	34.00	4950.00
chr19	5243911	5244493	582	582	38.00	85.00	52.71	51.00	30680.00
chr6	32119585	32119717	132	132	6.00	273.00	150.77	179.50	19901.00
chr3	42670878	42672067	1189	1189	0.00	8.00	1.81	1.00	2157.00
chr11	45892392	45892485	93	93	96.00	120.00	111.10	113.00	10332.00
chr17	80040789	80040991	202	202	284.00	396.00	340.28	343.00	68737.00
chr2	74902875	74903036	161	161	36.00	52.00	42.23	42.00	6799.00
chr17	38335969	38337946	1977	1977	3.00	143.00	18.40	13.00	36380.00
chr16	87870103	87870253	150	150	108.00	185.00	140.54	130.00	21081.00
chr1	32205947	32206142	195	195	230.00	413.00	299.36	296.00	58375.00
chr6	44117553	44117702	149	149	9.00	206.00	133.91	175.00	19952.00
chr1	159163659	159163830	171	171	562.00	744.00	682.67	682.00	116736.00
chr3	445565	446023	458	458	1.00	14.00	6.16	6.00	2822.00
chr2	25048913	25048995	82	82	100.00	125.00	114.38	117.00	9379.00
chr10	99504485	99504672	187	187	62.00	91.00	76.13	75.00	14237.00
chr4	54364807	54365010	203	203	68.00	101.00	84.87	85.00	17228.00
chr17	1634367	1634552	185	185	12.00	26.00	17.50	17.00	3238.00
chr7	72416124	72416247	123	123	63.00	88.00	76.21	77.00	9374.00
chr1	208212169	208212329	160	160	46.00	80.00	61.76	63.00	9881.00
chr9	140952500	140952702	202	202	31.00	55.00	46.35	47.00	9363.00
chr6	44197325	44197528	203	203	61.00	106.00	78.77	78.00	15990.00
chr6	44197643	44198218	575	575	24.00	101.00	56.69	48.00	32596.00
chr11	118981972	118982084	112	112	122.00	166.00	143.26	141.00	16045.00
chr5	150503846	150503952	106	106	10.00	1237.00	813.56	1018.50	86237.00
chr11	118981761	118981878	117	117	126.00	160.00	141.63	141.00	16571.00
chr11	126314873	126315000	127	127	63.00	96.00	81.40	82.00	10338.00
chr1	159165808	159166244	436	436	6.00	738.00	138.94	11.00	60578.00
chr7	134893542	134893750	208	208	13.00	35.00	26.37	28.00	5484.00
chr9	121976196	121976433	237	237	115.00	206.00	150.46	145.00	35659.00
chr19	54691042	54691169	127	127	163.00	225.00	198.65	203.00	25228.00
chr22	38621430	38621600	170	170	157.00	227.00	198.32	203.50	33715.00
chr13	42035681	42036205	524	524	0.00	5.00	1.65	1.00	862.00
chr20	1915360	1915413	53	53	5.00	787.00	561.09	701.00	29738.00
chr5	14496987	14497126	139	139	97.00	132.00	114.37	114.00	15898.00
chr12	56528125	56528212	87	87	73.00	95.00	84.00	84.00	7308.00
chr3	47466974	47467101	127	127	54.00	74.00	61.11	61.00	7761.00
chr17	7415476	7415663	187	187	86.00	127.00	104.18	102.00	19481.00
chr3	33588037	33589252	1215	1215	0.00	15.00	6.21	6.00	7547.00
chr7	887833	888615	782	782	2.00	45.00	16.06	14.00	12561.00
chr10	24813251	24813693	442	442	19.00	42.00	29.95	29.00	13237.00
chr1	109812045	109812213	168	168	136.00	192.00	161.35	158.00	27107.00
chr19	15276597	15276902	305	305	52.00	100.00	71.00	70.00	21655.00
chr16	2334779	2334999	220	220	131.00	189.00	157.30	153.00	34607.00
chr16	68404761	68405261	500	500	12.00	40.00	25.07	25.00	12536.00
chr4	110969111	110969871	760	760	6.00	30.00	16.08	17.00	12223.00
chr1	145693161	145693996	835	835	9.00	37.00	23.19	23.00	19362.00
chr7	44282848	44282932	84	84	534.00	629.00	579.42	578.00	48671.00
chr2	220164315	220164508	193	193	19.00	425.00	189.47	36.00	36568.00
chr12	50472203	50472360	157	157	36.00	65.00	50.57	53.00	7940.00
chr2	220163768	220163833	65	65	609.00	679.00	645.11	648.00	41932.00
chr2	222289928	222290862	934	934	77.00	163.00	118.18	117.00	110379.00
chr12	57599133	57599268	135	135	157.00	204.00	175.47	173.00	23688.00
chr7	157475416	157475629	213	213	216.00	355.00	286.85	293.00	61099.00
chr1	32203800	32203927	127	127	306.00	485.00	386.32	388.00	49063.00
chr1	109811731	109811912	181	181	121.00	162.00	143.82	145.00	26032.00
chr9	140052830	140052975	145	145	634.00	1299.00	1023.15	1111.00	148357.00
chr2	220161706	220161854	148	148	538.00	855.00	672.70	646.00	99559.00
chr16	29896906	29897070	164	164	344.00	545.00	460.04	464.00	75447.00
chr16	47143393	47143622	229	229	30.00	50.00	39.02	38.00	8936.00
chr11	993753	993985	232	232	190.00	337.00	256.27	268.00	59455.00
chr9	124059698	124061137	1439	1439	0.00	12.00	4.10	4.00	5894.00
chr9	140350140	140350634	494	494	3.00	31.00	17.32	18.00	8554.00
chr11	14504577	14504697	120	120	25.00	53.00	35.86	34.00	4303.00
chr3	49898612	49898733	121	121	312.00	510.00	433.20	445.00	52417.00
chr9	131811659	131811777	118	118	41.00	67.00	52.08	48.00	6145.00
chr9	131810705	131810818	113	113	57.00	79.00	67.63	67.00	7642.00
chr1	223400935	223401080	145	145	87.00	128.00	111.74	114.00	16203.00
chr12	125612185	125612820	635	635	4.00	146.00	33.00	12.00	20952.00
chr2	220088590	220088744	154	154	129.00	176.00	147.10	143.00	22653.00
chr9	70888487	70888750	263	263	6.00	29.00	18.63	19.00	4901.00
chr14	69813756	69813898	142	142	57.00	78.00	68.94	69.00	9789.00
chr2	47399145	47399890	745	745	4.00	80.00	19.84	18.00	14778.00
chr11	62688689	62689041	352	352	4.00	77.00	24.30	10.00	8555.00
chr6	43745205	43745407	202	202	1.00	48.00	35.73	38.00	7218.00
chr3	11072492	11072997	505	505	1.00	363.00	75.57	19.00	38165.00
chr7	2696031	2696168	137	137	129.00	176.00	152.12	150.00	20840.00
chr16	14969196	14969279	83	83	421.00	693.00	589.39	618.00	48919.00
chr17	7377847	7378026	179	179	0.00	7.00	2.66	2.00	476.00
chr12	65639640	65639719	79	79	19.00	49.00	33.70	34.00	2662.00
chr12	50294912	50295108	196	196	856.00	1115.00	975.77	974.50	191251.00
chr19	42485653	42485788	135	135	1364.00	1874.00	1673.66	1692.00	225944.00
chr10	99509230	99509343	113	113	86.00	170.00	113.02	112.00	12771.00
chr22	38883877	38888120	4243	4243	13.00	433.00	100.02	79.00	424398.00
chr12	49416372	49416658	286	286	60.00	107.00	81.08	78.00	23188.00
chr6	24843089	24843782	693	693	7.00	28.00	17.76	18.00	12305.00
chr5	176295561	176295665	104	104	79.00	109.00	93.77	93.50	9752.00
chr10	99510087	99510227	140	140	82.00	165.00	118.01	112.00	16522.00
chr1	159173658	159174770	1112	1112	11.00	66.00	38.98	39.00	43346.00
chr11	1780745	1780869	124	124	598.00	927.00	778.71	783.50	96560.00
chr19	42486059	42486258	199	199	1105.00	1527.00	1296.59	1301.00	258021.00
chr3	47465422	47465535	113	113	52.00	74.00	64.20	65.00	7255.00
chr1	21573713	21573856	143	143	15.00	30.00	21.85	22.00	3124.00
chr11	65320330	65320453	123	123	70.00	119.00	95.53	92.00	11750.00
chr3	47462420	47462519	99	99	87.00	123.00	103.20	102.00	10217.00
chr2	219204751	219204864	113	113	115.00	163.00	136.96	138.00	15476.00
chr1	43906123	43906257	134	134	9.00	18.00	14.61	15.00	1958.00
chr7	38785158	38785840	682	682	5.00	172.00	26.54	15.00	18097.00
chr2	153499932	153500058	126	126	52.00	82.00	67.44	68.50	8497.00
chr1	32203011	32203132	121	121	6.00	552.00	418.55	489.00	50644.00
chr22	42290823	42290941	118	118	375.00	518.00	464.62	467.50	54825.00
chr19	47940718	47940818	100	100	199.00	265.00	228.63	228.50	22863.00
chr4	119539150	119539274	124	124	0.00	2.00	0.70	1.00	87.00
chr17	44117067	44117250	183	183	37.00	61.00	48.68	48.00	8909.00
chr19	42485873	42485983	110	110	1192.00	1540.00	1350.84	1364.00	148592.00
chr6	44114583	44114664	81	81	68.00	95.00	83.28	86.00	6746.00
chr19	47941105	47941292	187	187	6.00	265.00	153.78	199.00	28757.00
chr11	73074250	73074500	250	250	126.00	198.00	158.12	151.50	39531.00
chr3	33418764	33418825	61	61	133.00	204.00	155.03	147.00	9457.00
chr1	700258	700505	247	247	3.00	30.00	16.93	15.00	4182.00
chr9	74319510	74319719	209	209	12.00	21.00	16.38	16.00	3424.00
chr16	2336694	2336968	274	274	84.00	165.00	127.63	130.00	34970.00
chr20	3575125	3575219	94	94	44.00	63.00	52.54	52.00	4939.00
chr9	139231377	139231529	152	152	52.00	71.00	64.18	65.00	9756.00
chr5	140515951	140516498	547	547	3.00	9.00	5.66	5.00	3095.00
chr1	21938208	21938309	101	101	302.00	370.00	337.90	339.00	34128.00
chr3	155659188	155659936	748	748	3.00	67.00	44.51	48.00	33297.00
chr16	27483068	27483241	173	173	77.00	114.00	93.01	90.00	16090.00
chr11	994071	994245	174	174	121.00	242.00	197.24	212.00	34320.00
chr7	71175745	71175913	168	168	257.00	337.00	294.42	294.00	49463.00
chr12	121204065	121204175	110	110	107.00	146.00	126.46	127.00	13911.00
chr7	73118679	73118753	74	74	785.00	967.00	875.82	880.50	64811.00
chr9	140972565	140972710	145	145	42.00	67.00	54.76	56.00	7940.00
chr12	121683329	121684024	695	695	0.00	14.00	6.21	4.00	4316.00
chr16	74493579	74493687	108	108	76.00	95.00	85.18	85.00	9199.00
chr2	36771518	36771641	123	123	48.00	71.00	58.41	59.00	7184.00
chr7	94187181	94187996	815	815	4.00	26.00	14.63	15.00	11921.00
chr14	94156951	94157239	288	288	6.00	13.00	9.34	9.00	2691.00
chr7	121739000	121739524	524	524	0.00	4.00	0.94	0.00	491.00
chr1	19549117	19549328	211	211	39.00	71.00	56.05	57.00	11826.00
chr19	5214571	5214747	176	176	146.00	271.00	189.47	179.00	33347.00
chr19	42557753	42557861	108	108	107.00	166.00	141.25	144.50	15255.00
chr15	102510686	102510925	239	239	6.00	37.00	24.42	26.00	5836.00
chr5	167673761	167675376	1615	1615	19.00	82.00	42.70	43.00	68959.00
chr7	44282158	44282253	95	95	577.00	721.00	661.37	662.00	62830.00
chr2	160621061	160621717	656	656	0.00	66.00	7.94	3.00	5207.00
chr5	10426501	10426634	133	133	91.00	122.00	108.05	108.00	14371.00
chr16	1814301	1814460	159	159	392.00	513.00	464.32	466.00	73827.00
chr11	21581734	21581928	194	194	83.00	155.00	107.87	103.00	20927.00
chr3	126749085	126749255	170	170	106.00	163.00	129.02	123.00	21934.00
chr11	12237765	12237866	101	101	168.00	238.00	199.08	194.00	20107.00
chr6	31750872	31750963	91	91	80.00	108.00	94.60	95.00	8609.00
chr3	53124201	53124398	197	197	9.00	22.00	16.96	18.00	3342.00
chr2	220161470	220161544	74	74	766.00	945.00	852.15	860.50	63059.00
chr2	128951046	128951785	739	739	10.00	45.00	23.22	21.00	17157.00
chr5	24535811	24535931	120	120	42.00	53.00	45.92	46.00	5511.00
chr1	44083406	44083582	176	176	99.00	154.00	126.03	123.50	22182.00
chr1	32207653	32207818	165	165	159.00	252.00	197.25	188.00	32547.00
chr12	7293754	7294000	246	246	13.00	617.00	360.86	497.00	88772.00
chr3	131442289	131442469	180	180	53.00	75.00	62.37	63.00	11227.00
chr3	49898871	49899298	427	427	23.00	501.00	220.78	309.00	94275.00
chr16	66432358	66432464	106	106	26.00	40.00	31.56	31.00	3345.00
chr1	20982593	20982680	87	87	157.00	223.00	175.78	167.00	15293.00
chr16	68398653	68398809	156	156	32.00	45.00	37.95	37.00	5920.00
chr17	16676818	16678279	1461	1461	0.00	5.00	2.10	2.00	3061.00
chr1	109814899	109815027	128	128	175.00	291.00	228.12	220.50	29200.00
chr1	21940478	21940582	104	104	375.00	450.00	406.96	404.00	42324.00
chr20	57468284	57468793	509	509	1.00	10.00	6.01	6.00	3059.00
chr3	127358087	127358366	279	279	104.00	303.00	213.91	209.00	59681.00
chr3	126735359	126735527	168	168	37.00	78.00	58.65	59.00	9853.00
chr10	103869140	103869264	124	124	200.00	304.00	242.50	224.50	30070.00
chr20	44520554	44520666	112	112	106.00	137.00	120.74	118.50	13523.00
chr1	32203252	32203356	104	104	304.00	437.00	381.34	381.00	39659.00
chr21	40186196	40186316	120	120	202.00	245.00	220.17	221.00	26420.00
chr5	111067153	111068349	1196	1196	1.00	23.00	10.49	9.00	12543.00
chr9	128002954	128003186	232	232	182.00	269.00	229.48	228.00	53239.00
chr1	43408896	43408992	96	96	122.00	175.00	148.89	152.00	14293.00
chr3	47463931	47464026	95	95	72.00	96.00	83.17	81.00	7901.00
chr2	220161160	220161238	78	78	802.00	957.00	868.53	848.50	67745.00
chr11	62472772	62473089	317	317	792.00	1477.00	1097.61	1127.00	347941.00
chr9	130986341	130986906	565	565	2.00	593.00	99.41	6.00	56167.00
chr14	69358769	69359000	231	231	135.00	183.00	159.83	159.00	36920.00
chr11	64416205	64416379	174	174	106.00	141.00	122.30	121.00	21281.00
chr17	8398454	8398559	105	105	127.00	168.00	148.91	148.00	15636.00
chr12	53572943	53574193	1250	1250	2.00	23.00	12.43	12.00	15535.00
chr17	17696544	17701827	5283	5283	6.00	136.00	52.51	45.00	277408.00
chr8	11705187	11705331	144	144	672.00	921.00	782.15	784.50	112629.00
chr19	54963829	54963931	102	102	164.00	215.00	182.50	180.00	18615.00
chr2	70451682	70456295	4613	4613	0.00	70.00	5.88	3.00	27120.00
chr11	118873959	118874169	210	210	5.00	16.00	9.18	8.00	1928.00
chr10	75548427	75548581	154	154	24.00	50.00	36.57	37.00	5632.00
chr6	33414351	33414563	212	212	183.00	342.00	294.25	310.00	62382.00
chr17	80042910	80043032	122	122	170.00	207.00	189.23	189.00	23086.00
chr11	11470290	11470483	193	193	37.00	52.00	45.53	46.00	8788.00
chr8	23294446	23294771	325	325	57.00	84.00	72.29	73.00	23493.00
chr1	116932060	116932663	603	603	6.00	1392.00	500.69	17.00	301914.00
chr15	83222627	83222741	114	114	41.00	65.00	51.54	51.00	5875.00
chr3	9841562	9841751	189	189	9.00	21.00	13.26	13.00	2506.00
chr1	116937731	116937907	176	176	1283.00	2063.00	1512.53	1447.00	266206.00
chr16	87868019	87868197	178	178	118.00	167.00	138.19	136.00	24597.00
chr3	124209540	124209731	191	191	237.00	349.00	297.75	301.00	56871.00
chr7	71142195	71142291	96	96	259.00	345.00	287.02	277.50	27554.00
chr5	130497324	130497584	260	260	6.00	19.00	12.40	12.00	3225.00
chr13	100199238	100199358	120	120	118.00	169.00	145.17	145.00	17420.00
chr5	139943336	139943506	170	170	15.00	114.00	90.49	94.00	15384.00
chr17	74395529	74396002	473	473	44.00	87.00	69.63	70.00	32937.00
chr14	93179149	93179216	67	67	104.00	137.00	123.55	125.00	8278.00
chr4	160277004	160277310	306	306	33.00	255.00	126.75	127.00	38785.00
chr17	40666306	40666478	172	172	565.00	795.00	650.83	631.00	111942.00
chr15	34828065	34828207	142	142	4.00	158.00	113.77	127.50	16156.00
chr14	100165802	100165876	74	74	263.00	320.00	289.00	290.00	21386.00
chr22	20128089	20128231	142	142	10.00	99.00	60.50	82.00	8591.00
chr12	3392210	3394421	2211	2211	2.00	76.00	34.47	35.00	76213.00
chr17	16687866	16690667	2801	2801	0.00	59.00	8.25	6.00	23121.00
chr6	31664724	31664810	86	86	87.00	133.00	111.27	112.00	9569.00
chr6	30627512	30627611	99	99	24.00	40.00	33.83	34.00	3349.00
chr11	18752834	18755060	2226	2226	10.00	460.00	72.05	35.00	160383.00
chr12	109332602	109332731	129	129	174.00	251.00	213.88	217.00	27591.00
chr6	90072884	90073110	226	226	9.00	19.00	14.05	15.00	3175.00
chr16	2689371	2689711	340	340	8.00	19.00	12.43	12.00	4225.00
chr1	20987373	20987484	111	111	119.00	161.00	137.39	137.00	15250.00
chr14	85985300	85986667	1367	1367	0.00	20.00	8.44	8.00	11539.00
chr13	32863769	32863880	111	111	31.00	127.00	86.50	99.00	9602.00
chr16	1510418	1510528	110	110	47.00	84.00	68.41	72.00	7525.00
chr19	54963269	54963444	175	175	133.00	184.00	156.90	154.00	27457.00
chr6	44224078	44224233	155	155	22.00	36.00	28.55	28.00	4425.00
chr20	3151172	3152285	1113	1113	5.00	30.00	18.10	19.00	20141.00
chr1	892273	892405	132	132	82.00	160.00	107.45	101.50	14184.00
chr16	90192167	90192724	557	557	2.00	26.00	14.41	15.00	8024.00
chr9	111663704	111663810	106	106	50.00	69.00	61.06	61.00	6472.00
chr6	44108764	44108835	71	71	73.00	91.00	82.15	82.00	5833.00
chr1	36028802	36029027	225	225	1349.00	2284.00	1855.29	1895.00	417440.00
chr11	66807259	66807674	415	415	13.00	113.00	85.17	89.00	35347.00
chr1	178426817	178427679	862	862	11.00	37.00	23.80	25.00	20515.00
chr19	42482302	42482478	176	176	1331.00	1909.00	1555.10	1517.00	273698.00
chr1	44084718	44084873	155	155	91.00	210.00	153.43	161.00	23781.00
chr1	109812315	109812442	127	127	131.00	182.00	164.81	168.00	20931.00
chr3	180324268	180324391	123	123	29.00	39.00	34.67	35.00	4264.00
chr15	63933668	63933842	174	174	59.00	81.00	69.02	69.00	12009.00
chr20	44521363	44521519	156	156	135.00	170.00	156.11	155.00	24353.00
chr3	33416779	33416910	131	131	80.00	151.00	115.76	115.00	15164.00
chr1	21934624	21934843	219	219	2.00	368.00	206.52	298.00	45227.00
chr14	69799801	69799886	85	85	60.00	93.00	75.76	72.00	6440.00
chr1	116936134	116936345	211	211	2.00	1590.00	1271.00	1368.00	268181.00
chr14	23634493	23634645	152	152	41.00	64.00	53.85	55.00	8185.00
chr16	1402538	1402947	409	409	2.00	8.00	4.68	5.00	1913.00
chr9	20331	25000	4669	4669	0.00	176.00	22.76	21.00	106273.00
chr17	43545574	43545959	385	385	9.00	27.00	16.91	17.00	6512.00
chr13	100201418	100201476	58	58	110.00	156.00	128.00	128.00	7424.00
chr15	41865505	41865665	160	160	148.00	244.00	189.74	194.00	30358.00
chr19	19641688	19642196	508	508	5.00	20.00	11.08	11.00	5630.00
chr11	134147593	134148159	566	566	5.00	17.00	10.77	11.00	6094.00
chr2	71656420	71657290	870	870	0.00	14.00	6.79	6.00	5908.00
chr7	97834775	97835016	241	241	52.00	83.00	64.26	63.00	15487.00
chr19	13363804	13363915	111	111	78.00	107.00	94.18	95.00	10454.00
chr18	31328383	31329011	628	628	7.00	18.00	11.91	12.00	7477.00
chr16	66431884	66432009	125	125	22.00	37.00	30.51	30.00	3814.00
chr19	47935155	47935702	547	547	2.00	370.00	154.30	194.00	84401.00
chr12	50291769	50291873	104	104	937.00	1094.00	1016.22	1016.50	105687.00
chr11	1780198	1780317	119	119	568.00	835.00	667.18	634.00	79394.00
chr15	65392626	65393167	541	541	5.00	19.00	12.02	12.00	6504.00
chr2	86397871	86397967	96	96	82.00	120.00	106.24	105.00	10199.00
chr7	97866087	97866233	146	146	48.00	105.00	74.27	71.00	10843.00
chr11	60687157	60687402	245	245	78.00	130.00	99.28	96.00	24323.00
chr21	43307700	43309453	1753	1753	0.00	57.00	23.50	22.00	41191.00
chr14	24619269	24619657	388	388	16.00	49.00	30.36	29.00	11779.00
chr11	65320634	65320727	93	93	75.00	100.00	88.82	89.00	8260.00
chr16	29891184	29891385	201	201	418.00	634.00	527.56	521.00	106040.00
chr1	32207224	32207326	102	102	288.00	363.00	332.58	337.00	33923.00
chr11	72300218	72300394	176	176	3.00	340.00	117.24	4.00	20634.00
chr17	7608878	7609038	160	160	9.00	53.00	27.83	28.00	4453.00
chr19	7607646	7607814	168	168	82.00	152.00	118.27	120.00	19870.00
chr19	54966129	54966271	142	142	127.00	196.00	167.40	175.00	23771.00
chr12	57995027	57995131	104	104	108.00	139.00	123.75	125.00	12870.00
chr1	27428875	27429049	174	174	34.00	87.00	49.25	43.00	8570.00
chr2	27688277	27688385	108	108	18.00	30.00	23.88	24.50	2579.00
chr16	2691449	2692254	805	805	10.00	39.00	21.76	21.00	17516.00
chr9	131503813	131503933	120	120	307.00	378.00	339.29	338.00	40715.00
chr16	2347766	2347922	156	156	61.00	101.00	88.45	91.00	13798.00
chr17	80039884	80040036	152	152	262.00	372.00	312.74	317.00	47537.00
chr1	32204432	32204538	106	106	304.00	439.00	379.15	385.50	40190.00
chr12	9242951	9243078	127	127	219.00	257.00	239.64	241.00	30434.00
chr3	49702661	49702751	90	90	114.00	159.00	138.56	141.50	12470.00
chr19	35820359	35820837	478	478	0.00	4.00	1.27	1.00	608.00
chr1	201456762	201457615	853	853	0.00	7.00	2.71	2.00	2315.00
chr16	2334279	2334438	159	159	133.00	185.00	160.62	161.00	25538.00
chr10	73578373	73578481	108	108	2386.00	3133.00	2701.87	2692.50	291802.00
chr16	18530550	18530756	206	206	5.00	555.00	265.88	369.00	54771.00
chr16	16369094	16369300	206	206	6.00	555.00	265.68	368.00	54731.00
chr13	113975636	113975785	149	149	3.00	279.00	111.97	9.00	16683.00
chr11	119293822	119294227	405	405	6.00	1710.00	166.21	23.00	67314.00
chr5	150505962	150506041	79	79	822.00	984.00	913.82	909.00	72192.00
chr22	44224939	44225078	139	139	648.00	914.00	743.71	722.00	103375.00
chr15	41865199	41865309	110	110	201.00	297.00	244.40	234.00	26884.00
chr17	25633807	25636298	2491	2491	3.00	322.00	87.50	66.00	217957.00
chr15	72495155	72495529	374	374	8.00	2848.00	1090.78	22.00	407950.00
chr9	42540272	42542124	1852	1852	0.00	24.00	7.06	6.00	13083.00
chr11	119290760	119291704	944	944	6.00	2863.00	1006.66	25.00	950288.00
chr19	5219949	5220165	216	216	94.00	175.00	128.19	122.00	27689.00
chr15	63910769	63911153	384	384	0.00	29.00	9.76	8.00	3748.00
chr17	74393879	74393969	90	90	67.00	95.00	78.33	76.00	7050.00
chr10	104129467	104129532	65	65	59.00	73.00	66.45	67.00	4319.00
chr3	142454224	142454620	396	396	0.00	5.00	1.92	2.00	761.00
chr12	121205196	121205396	200	200	112.00	145.00	125.45	126.00	25090.00
chr3	31705570	31705724	154	154	9.00	32.00	20.83	21.00	3208.00
chr6	118635190	118636593	1403	1403	8.00	73.00	43.96	44.00	61674.00
chr8	10339867	10340829	962	962	1.00	22.00	11.30	12.00	10870.00
chr19	16952578	16952779	201	201	71.00	105.00	87.09	86.00	17506.00
chr8	110984486	110985016	530	530	57.00	107.00	80.37	79.00	42594.00
chr9	128001219	128001610	391	391	209.00	406.00	322.48	326.00	126089.00
chr11	73070878	73070997	119	119	103.00	155.00	127.92	129.00	15222.00
chr10	104130140	104130235	95	95	57.00	78.00	66.48	67.00	6316.00
chr5	95733039	95733173	134	134	91.00	112.00	100.07	100.00	13410.00
chr19	59059400	59059547	147	147	168.00	228.00	198.65	199.00	29201.00
chr5	139943169	139943255	86	86	6.00	110.00	81.58	86.50	7016.00
chr17	73487771	73487981	210	210	45.00	86.00	67.63	69.50	14202.00
chr1	154315588	154315777	189	189	12.00	35.00	25.42	25.00	4805.00
chr14	95652726	95653070	344	344	0.00	6.00	1.40	0.00	481.00
chr12	123639801	123640772	971	971	4.00	33.00	14.04	13.00	13635.00
chr22	47064870	47065171	301	301	3.00	12.00	7.09	7.00	2135.00
chr5	24535220	24535388	168	168	36.00	53.00	44.08	44.00	7406.00
chr12	6806452	6806958	506	506	152.00	351.00	243.48	250.50	123201.00
chr22	29881711	29881836	125	125	253.00	317.00	273.05	271.00	34131.00
chr7	75894681	75894786	105	105	49.00	65.00	56.93	57.00	5978.00
chr12	121089007	121095893	6886	6886	2.00	196.00	41.40	35.00	285060.00
chr1	207940357	207942365	2008	2008	1.00	82.00	12.30	7.00	24693.00
chr7	154681166	154681240	74	74	268.00	341.00	302.53	297.00	22387.00
chr5	131696513	131697529	1016	1016	0.00	10.00	3.81	4.00	3873.00
chr11	1776135	1776258	123	123	387.00	761.00	585.73	559.00	72045.00
chr8	11706554	11706673	119	119	573.00	710.00	639.18	637.00	76062.00
chr11	18759426	18759511	85	85	322.00	386.00	348.27	348.00	29603.00
chr16	61689373	61689625	252	252	37.00	65.00	50.60	51.00	12752.00
chr15	51750702	51750824	122	122	100.00	139.00	117.40	116.00	14323.00
chr9	35555056	35555698	642	642	130.00	343.00	217.38	203.00	139560.00
chr2	198356200	198356621	421	421	2.00	11.00	6.32	7.00	2660.00
chr9	131001723	131001794	71	71	1840.00	2460.00	2163.44	2209.00	153604.00
chr19	5214371	5214491	120	120	193.00	302.00	261.25	268.00	31350.00
chr22	35719488	35719623	135	135	132.00	179.00	152.53	153.00	20591.00
chr12	121678738	121679829	1091	1091	5.00	21.00	12.19	12.00	13294.00
chr14	23820960	23821064	104	104	1111.00	1315.00	1220.36	1227.50	126917.00
chr1	32205710	32205779	69	69	344.00	436.00	382.10	380.00	26365.00
chr3	33420176	33420326	150	150	6.00	199.00	67.39	9.00	10108.00
chr9	114820707	114820966	259	259	24.00	48.00	33.27	34.00	8618.00
chr15	41865876	41866023	147	147	4.00	302.00	253.14	272.00	37211.00
chr19	55554308	55554637	329	329	2.00	17.00	9.01	9.00	2964.00
chr1	116933403	116933513	110	110	1228.00	1470.00	1362.35	1374.00	149859.00
chr19	15374230	15374359	129	129	61.00	89.00	73.26	73.00	9451.00
chr12	56090682	56090852	170	170	25.00	52.00	39.68	39.00	6746.00
chr14	69445668	69445876	208	208	25.00	130.00	77.75	86.50	16171.00
chr12	57603474	57603651	177	177	208.00	276.00	244.38	245.00	43256.00
chr22	32897492	32898946	1454	1454	5.00	286.00	61.55	51.00	89496.00
chr16	16367702	16367764	62	62	1.00	421.00	210.98	223.50	13081.00
chr19	5245786	5246056	270	270	52.00	93.00	69.03	66.00	18638.00
chr16	74345440	74345829	389	389	1.00	20.00	9.32	8.00	3624.00
chr6	107096899	107097076	177	177	10.00	27.00	19.89	22.00	3521.00
chr1	29641883	29642019	136	136	35.00	47.00	41.76	42.00	5680.00
chr8	97342440	97342509	69	69	142.00	173.00	160.13	161.00	11049.00
chr8	68116914	68117054	140	140	28.00	64.00	46.06	50.50	6448.00
chr22	22037470	22037546	76	76	23.00	35.00	27.28	27.00	2073.00
chr22	50682147	50683420	1273	1273	7.00	80.00	47.84	47.00	60906.00
chr20	44048971	44049069	98	98	103.00	144.00	125.47	130.00	12296.00
chr1	36904356	36904511	155	155	29.00	48.00	36.82	36.00	5707.00
chr12	71054719	71054877	158	158	40.00	55.00	46.68	47.00	7376.00
chr15	50654364	50655515	1151	1151	0.00	15.00	5.95	6.00	6850.00
chr2	234198499	234198620	121	121	63.00	96.00	83.61	86.00	10117.00
chr9	128001699	128001812	113	113	219.00	262.00	244.88	246.00	27671.00
chr8	38272296	38272419	123	123	39.00	51.00	44.67	45.00	5495.00
chr11	73068069	73068179	110	110	95.00	151.00	128.89	131.00	14178.00
chr16	28123137	28123327	190	190	81.00	169.00	124.93	126.50	23737.00
chr12	49424062	49424222	160	160	18.00	38.00	28.40	29.00	4544.00
chr19	50302885	50303023	138	138	214.00	499.00	348.91	372.50	48149.00
chr19	42480567	42480718	151	151	2678.00	3448.00	3019.22	3017.00	455902.00
chr3	197904395	197905301	906	906	2.00	32.00	15.52	14.00	14063.00
chr13	100189992	100190117	125	125	68.00	105.00	84.12	81.00	10515.00
chr19	14268062	14268272	210	210	153.00	247.00	199.62	196.00	41921.00
chr10	93786886	93787057	171	171	28.00	44.00	35.56	34.00	6081.00
chr1	109808726	109808828	102	102	79.00	116.00	93.77	93.00	9565.00
chr4	134075461	134075520	59	59	92.00	112.00	99.73	99.00	5884.00
chr1	22052268	22053864	1596	1596	1.00	24.00	8.75	8.00	13962.00
chr9	140056855	140056968	113	113	941.00	1175.00	1038.69	1036.00	117372.00
chr19	42482087	42482224	137	137	1836.00	2807.00	2199.81	2181.00	301374.00
chr19	4556962	4557025	63	63	412.00	484.00	447.41	448.00	28187.00
chr19	14266921	14267013	92	92	186.00	263.00	225.99	224.00	20791.00
chr22	42273851	42274127	276	276	5.00	518.00	274.18	345.50	75675.00
chr1	205549788	205550049	261	261	103.00	153.00	130.24	131.00	33992.00
chr1	110765585	110766522	937	937	58.00	184.00	115.01	109.00	107766.00
chr19	55553595	55554158	563	563	5.00	18.00	10.08	10.00	5673.00
chr7	150929881	150931360	1479	1479	9.00	84.00	30.71	29.00	45415.00
chr3	124215157	124215260	103	103	290.00	403.00	343.17	359.00	35346.00
chr16	58220658	58220760	102	102	40.00	54.00	47.98	48.00	4894.00
chr3	10381925	10382033	108	108	312.00	466.00	388.81	390.00	41992.00
chr10	11356101	11356221	120	120	26.00	48.00	37.65	40.00	4518.00
chr22	42294652	42294785	133	133	426.00	656.00	538.86	528.00	71668.00
chr1	2005531	2005714	183	183	7.00	30.00	16.62	16.00	3042.00
chr12	113722522	113722576	54	54	17.00	27.00	22.78	23.50	1230.00
chr9	131502198	131502398	200	200	7.00	355.00	260.33	261.50	52067.00
chr19	40873602	40873786	184	184	970.00	1431.00	1153.05	1120.50	212162.00
chr2	220162606	220162825	219	219	246.00	606.00	383.08	363.00	83894.00
chr16	28270027	28270355	328	328	2.00	25.00	13.88	13.00	4553.00
chr4	3225718	3225858	140	140	103.00	148.00	124.69	127.00	17457.00
chr17	44127898	44128070	172	172	27.00	42.00	34.35	34.00	5909.00
chr3	47462043	47462262	219	219	56.00	123.00	74.84	68.00	16389.00
chr6	99873090	99873182	92	92	4.00	64.00	30.99	28.00	2851.00
chr7	142561723	142562504	781	781	204.00	449.00	313.58	313.00	244905.00
chr1	159169540	159169666	126	126	868.00	1204.00	1070.06	1067.00	134828.00
chr19	7606869	7606953	84	84	56.00	85.00	66.45	62.00	5582.00
chr16	2811561	2818298	6737	6737	11.00	562.00	226.75	201.00	1527632.00
chr3	47450652	47450807	155	155	47.00	80.00	66.45	68.00	10299.00
chr11	118403631	118403922	291	291	95.00	156.00	124.11	125.00	36115.00
chr1	205555161	205555335	174	174	113.00	163.00	138.69	137.00	24132.00
chr12	125603186	125603311	125	125	57.00	96.00	73.70	75.00	9213.00
chr11	86658288	86659498	1210	1210	2.00	27.00	14.03	15.00	16978.00
chr22	37764946	37768745	3799	3799	4.00	313.00	100.00	85.00	379887.00
chr10	46345664	46346215	551	551	2.00	28.00	14.92	14.00	8221.00
chr22	33673045	33673241	196	196	121.00	250.00	163.72	141.00	32089.00
chr9	140042599	140042666	67	67	14.00	299.00	255.31	267.00	17106.00
chr3	48717233	48717320	87	87	159.00	208.00	177.87	175.00	15475.00
chr11	60681600	60681740	140	140	3.00	83.00	29.21	18.00	4089.00
chr10	93784512	93784724	212	212	22.00	46.00	33.47	33.00	7095.00
chr12	7289424	7290372	948	948	3.00	384.00	108.07	19.00	102453.00
chr3	132387062	132387526	464	464	4.00	12.00	7.01	7.00	3253.00
chr16	2335442	2335647	205	205	123.00	192.00	160.12	158.00	32825.00
chr16	1794782	1797276	2494	2494	2.00	312.00	46.13	24.00	115059.00
chr16	3786036	3786204	168	168	42.00	59.00	49.93	50.00	8389.00
chr9	141131209	141131766	557	557	2.00	25.00	14.56	15.00	8112.00
chr14	92965028	92966015	987	987	9.00	57.00	26.48	25.00	26137.00
chr19	54692070	54692200	130	130	107.00	212.00	167.79	169.50	21813.00
chr15	43866006	43866230	224	224	57.00	108.00	86.35	90.00	19342.00
chr3	40231316	40231954	638	638	25.00	70.00	43.08	41.00	27483.00
chr3	50148937	50149455	518	518	6.00	18.00	11.27	11.00	5837.00
chr4	81117505	81117755	250	250	24.00	43.00	34.78	35.00	8694.00
chr10	46740404	46740638	234	234	3.00	33.00	17.60	17.00	4118.00
chr3	124210169	124210271	102	102	234.00	322.00	264.84	252.00	27014.00
chr11	107488830	107488932	102	102	97.00	139.00	116.47	117.00	11880.00
chr9	130591965	130592106	141	141	57.00	78.00	68.48	69.00	9656.00
chr1	20981932	20982027	95	95	194.00	266.00	217.53	218.00	20665.00
chr12	75875613	75875859	246	246	20.00	42.00	31.07	29.00	7642.00
chr22	32046684	32046764	80	80	24.00	34.00	29.11	29.00	2329.00
chr11	70331418	70331658	240	240	11.00	50.00	32.35	35.00	7763.00
chr14	51079976	51080069	93	93	232.00	344.00	296.14	302.00	27541.00
chr17	80041077	80041301	224	224	249.00	454.00	341.72	332.00	76545.00
chr7	158540884	158540971	87	87	49.00	66.00	57.39	58.00	4993.00
chr1	21553651	21553719	68	68	45.00	68.00	56.68	55.50	3854.00
chr2	219206256	219206349	93	93	107.00	176.00	135.22	131.00	12575.00
chr17	18444211	18445242	1031	1031	0.00	7.00	2.27	2.00	2340.00
chr12	57599340	57599460	120	120	164.00	237.00	205.53	208.00	24663.00
chr11	64417919	64418110	191	191	94.00	129.00	110.40	110.00	21087.00
chr19	3274926	3275650	724	724	4.00	25.00	13.60	13.00	9850.00
chr16	18532086	18532305	219	219	299.00	706.00	518.88	537.00	113635.00
chr17	3776702	3776756	54	54	370.00	457.00	414.98	411.50	22409.00
chr1	116932670	116933033	363	363	6.00	1357.00	688.34	1180.00	249866.00
chr16	1505731	1505796	65	65	63.00	92.00	76.23	73.00	4955.00
chr1	9794029	9794200	171	171	1150.00	1517.00	1324.25	1312.00	226447.00
chr10	73579221	73579379	158	158	1767.00	2345.00	2031.70	2028.00	321008.00
chr11	6411684	6412146	462	462	2.00	62.00	27.56	25.00	12731.00
chr1	159163212	159163350	138	138	454.00	633.00	551.26	561.50	76074.00
chr16	1816723	1816804	81	81	423.00	497.00	456.11	450.00	36945.00
chr7	91722399	91722630	231	231	2.00	49.00	33.34	34.00	7702.00
chr7	44281816	44281939	123	123	580.00	810.00	716.30	735.00	88105.00
chr2	220467189	220467297	108	108	15.00	24.00	19.99	20.00	2159.00
chr16	4494664	4494729	65	65	124.00	145.00	135.32	135.00	8796.00
chr15	34681844	34681986	142	142	4.00	157.00	113.59	127.50	16130.00
chr9	139995935	139996124	189	189	43.00	84.00	67.16	68.00	12693.00
chr3	180324040	180324160	120	120	32.00	45.00	38.34	38.00	4601.00
chr3	42678359	42681242	2883	2883	11.00	90.00	35.25	29.00	101635.00
chr7	131812776	131815333	2557	2557	14.00	56.00	32.27	32.00	82511.00
chr20	1585387	1585522	135	135	19.00	288.00	190.36	232.00	25698.00
chr3	126751229	126751442	213	213	125.00	169.00	148.62	151.00	31655.00
chr15	63920875	63921014	139	139	116.00	173.00	144.51	141.00	20087.00
chr16	2040128	2040202	74	74	36.00	131.00	82.31	77.50	6091.00
chr9	74324174	74324390	216	216	12.00	26.00	19.47	21.00	4205.00
chr20	44521858	44521950	92	92	165.00	232.00	204.93	213.00	18854.00
chr9	139911647	139911798	151	151	128.00	190.00	154.84	155.00	23381.00
chr9	140055507	140055649	142	142	819.00	1369.00	1138.13	1200.50	161615.00
chr12	120148055	120148191	136	136	126.00	161.00	137.84	136.00	18746.00
chr12	50474280	50474372	92	92	66.00	96.00	81.22	81.00	7472.00
chr15	63125702	63125828	126	126	126.00	184.00	149.54	146.50	18842.00
chr9	20907148	20907241	93	93	49.00	78.00	64.45	65.00	5994.00
chr16	87874655	87874761	106	106	109.00	137.00	122.32	122.00	12966.00
chr2	162833269	162833460	191	191	2.00	263.00	151.38	233.00	28913.00
chr8	11704560	11704677	117	117	529.00	745.00	640.28	647.00	74913.00
chr15	63926931	63927087	156	156	103.00	170.00	144.95	150.00	22612.00
chr6	31668718	31668805	87	87	95.00	131.00	110.52	109.00	9615.00
chr7	148910792	148910906	114	114	16.00	46.00	33.37	35.00	3804.00
chr14	42355808	42357213	1405	1405	19.00	95.00	47.22	45.00	66347.00
chr10	88678928	88679226	298	298	12.00	34.00	20.63	19.00	6148.00
chr3	140998219	140998346	127	127	47.00	81.00	66.02	70.00	8384.00
chr1	144859758	144859998	240	240	56.00	134.00	88.49	81.50	21237.00
chr9	96054772	96055455	683	683	60.00	176.00	123.57	128.00	84395.00
chr19	7604803	7604944	141	141	57.00	101.00	72.23	70.00	10184.00
chr12	30906277	30907432	1155	1155	7.00	57.00	29.27	29.00	33806.00
chr9	131112762	131112854	92	92	81.00	134.00	112.57	123.00	10356.00
chr20	61981328	61982379	1051	1051	15.00	61.00	33.06	30.00	34742.00
chr7	38431348	38431618	270	270	223.00	383.00	279.40	267.00	75437.00
chr20	44521036	44521123	87	87	125.00	156.00	141.41	142.00	12303.00
chr11	64418726	64419108	382	382	79.00	125.00	102.38	103.00	39109.00
chr12	120148344	120150270	1926	1926	6.00	188.00	37.20	24.00	71653.00
chr12	6930971	6931066	95	95	5.00	248.00	124.23	110.00	11802.00
chr16	2339434	2339621	187	187	68.00	123.00	90.52	88.00	16928.00
chr2	27700083	27700187	104	104	21.00	34.00	27.30	27.00	2839.00
chr14	69805367	69805494	127	127	55.00	88.00	67.28	66.00	8544.00
chr12	9242497	9242619	122	122	205.00	313.00	251.27	235.50	30655.00
chr3	58256658	58256791	133	133	46.00	59.00	51.95	52.00	6910.00
chr10	79744927	79745098	171	171	35.00	56.00	44.59	45.00	7625.00
chr1	159161725	159161866	141	141	242.00	531.00	431.46	479.00	60836.00
chr16	31085202	31085519	317	317	1.00	23.00	13.11	15.00	4157.00
chr1	171755018	171755218	200	200	33.00	51.00	42.98	44.00	8595.00
chr9	130988124	130989280	1156	1156	3.00	1484.00	163.37	12.00	188853.00
chr15	63127935	63127998	63	63	131.00	159.00	144.67	145.00	9114.00
chr19	1917676	1917821	145	145	3.00	85.00	62.02	71.00	8993.00
chr22	25315792	25315960	168	168	71.00	118.00	91.25	90.00	15330.00
chr2	207943790	207945085	1295	1295	5.00	29.00	15.63	16.00	20242.00
chr11	47330706	47330952	246	246	3.00	370.00	161.35	11.00	39692.00
chr3	142743978	142746095	2117	2117	0.00	49.00	5.49	2.00	11616.00
chr7	44839492	44839694	202	202	5.00	11.00	7.73	7.00	1561.00
chr22	31688260	31688471	211	211	2.00	50.00	27.09	33.00	5716.00
chr11	66333492	66333638	146	146	320.00	470.00	395.64	406.50	57764.00
chr9	131114916	131115026	110	110	102.00	159.00	122.62	118.00	13488.00
chr1	20206	21013	807	807	2.00	67.00	34.09	34.00	27510.00
chr11	108216469	108216635	166	166	12.00	33.00	17.37	15.00	2883.00
chr1	209778880	209779019	139	139	123.00	175.00	153.94	154.00	21398.00
chr1	202935876	202936026	150	150	43.00	79.00	56.20	54.00	8430.00
chr12	57600255	57600524	269	269	178.00	302.00	248.96	264.00	66970.00
chr19	15233503	15233615	112	112	41.00	70.00	49.88	48.00	5586.00
chr8	68115317	68115486	169	169	46.00	67.00	56.42	57.00	9535.00
chr19	13419229	13419342	113	113	41.00	55.00	49.86	50.00	5634.00
chr6	33266815	33267130	315	315	2.00	19.00	11.01	12.00	3469.00
chr16	89780611	89781646	1035	1035	2.00	47.00	24.70	25.00	25569.00
chr12	109964162	109964221	59	59	31.00	47.00	38.71	40.00	2284.00
chr22	24491893	24492045	152	152	18.00	31.00	22.89	22.00	3479.00
chr2	242592926	242593025	99	99	101.00	194.00	143.00	128.00	14157.00
chr1	21937944	21938074	130	130	311.00	500.00	429.52	442.00	55837.00
chr2	223789173	223789313	140	140	111.00	149.00	129.61	131.00	18146.00
chr20	3772318	3772535	217	217	1.00	7.00	4.02	4.00	873.00
chr16	18531918	18532001	83	83	492.00	725.00	630.18	639.00	52305.00
chr1	43396296	43396537	241	241	153.00	252.00	199.38	198.00	48050.00
chr2	100037960	100038115	155	155	22.00	38.00	29.70	30.00	4603.00
chr16	1500497	1500770	273	273	3.00	132.00	71.90	103.00	19629.00
chr19	40876016	40876144	128	128	909.00	1396.00	1179.93	1164.50	151031.00
chr5	168112691	168112932	241	241	11.00	28.00	20.93	20.00	5043.00
chr2	127825738	127825831	93	93	238.00	391.00	326.35	345.00	30351.00
chr1	19232015	19234990	2975	2975	3.00	58.00	23.75	22.00	70651.00
chr16	1391129	1391196	67	67	259.00	288.00	272.07	271.00	18229.00
chr6	33410665	33411689	1024	1024	5.00	196.00	106.32	117.00	108874.00
chr9	95872033	95872266	233	233	1.00	12.00	5.07	4.00	1182.00
chr1	53378627	53378839	212	212	2.00	9.00	4.52	4.00	959.00
chr2	80531276	80531693	417	417	8.00	37.00	23.81	25.00	9929.00
chr7	44286718	44286791	73	73	432.00	501.00	475.82	477.00	34735.00
chr7	157369304	157369471	167	167	404.00	508.00	455.19	457.00	76016.00
chr11	18755079	18755191	112	112	8.00	436.00	281.72	374.50	31553.00
chr6	86237979	86238080	101	101	84.00	113.00	100.24	102.00	10124.00
chr8	145000951	145001050	99	99	45.00	70.00	58.37	60.00	5779.00
chr19	45167680	45167966	286	286	9.00	23.00	15.19	15.00	4343.00
chr10	48930165	48930400	235	235	3.00	33.00	17.88	18.00	4201.00
chr16	87871450	87871547	97	97	156.00	201.00	177.31	177.00	17199.00
chr1	109815454	109815649	195	195	146.00	227.00	186.99	186.00	36464.00
chr1	208215442	208215711	269	269	33.00	69.00	49.81	48.00	13398.00
chr2	260866	261451	585	585	0.00	15.00	5.09	4.00	2975.00
chr5	180481266	180481724	458	458	3.00	23.00	15.33	15.00	7022.00
chr7	73119479	73119631	152	152	4.00	1065.00	470.24	10.00	71476.00
chr15	34677248	34677358	110	110	293.00	429.00	364.11	370.50	40052.00
chr16	57687114	57687247	133	133	55.00	88.00	71.92	71.00	9566.00
chr15	50649406	50649592	186	186	0.00	5.00	3.19	3.00	594.00
chr22	21071995	21072066	71	71	862.00	1132.00	984.86	954.00	69925.00
chr5	179200882	179201561	679	679	7.00	32.00	17.37	17.00	11795.00
chr10	98763824	98763979	155	155	90.00	131.00	110.94	111.00	17195.00
chr14	102963315	102963457	142	142	27.00	60.00	41.87	40.00	5946.00
chr1	21932558	21933138	580	580	6.00	406.00	98.04	20.00	56864.00
chr16	28118842	28118998	156	156	111.00	155.00	137.57	138.00	21461.00
chr1	241767561	241767881	320	320	39.00	96.00	59.24	54.50	18958.00
chr11	66812063	66812184	121	121	91.00	125.00	104.07	104.00	12593.00
chr11	12248571	12248678	107	107	348.00	421.00	389.46	394.00	41672.00
chr9	130588788	130588951	163	163	38.00	72.00	52.41	52.00	8543.00
chr22	21068915	21068988	73	73	1040.00	1232.00	1127.82	1113.00	82331.00
chr1	43424304	43424531	227	227	4.00	158.00	108.52	118.00	24633.00
chr14	105852021	105853670	1649	1649	7.00	187.00	22.45	19.00	37019.00
chr15	34823469	34823579	110	110	293.00	429.00	364.11	370.50	40052.00
chr11	171365	172282	917	917	2.00	33.00	15.23	14.00	13964.00
chr22	24493976	24494155	179	179	27.00	53.00	41.55	42.00	7438.00
chr15	79291060	79291167	107	107	229.00	307.00	268.27	269.00	28705.00
chr16	2145904	2146194	290	290	8.00	23.00	13.90	13.00	4031.00
chr9	131503050	131503166	116	116	298.00	383.00	335.20	332.00	38883.00
chr11	61301983	61302579	596	596	5.00	25.00	12.54	11.00	7472.00
chr22	25308609	25308719	110	110	53.00	87.00	70.81	72.00	7789.00
chr12	63977826	63979986	2160	2160	0.00	23.00	9.82	10.00	21222.00
chr19	46928844	46930933	2089	2089	1.00	198.00	111.39	116.00	232691.00
chr16	56969146	56969224	78	78	132.00	172.00	153.38	155.50	11964.00
chr17	40665787	40665996	209	209	6.00	903.00	445.00	667.00	93005.00
chr9	131669435	131671600	2165	2165	47.00	182.00	94.92	89.00	205493.00
chr2	220164026	220164271	245	245	13.00	669.00	203.37	20.00	49826.00
chr19	7589846	7590052	206	206	23.00	93.00	53.38	49.50	10996.00
chr6	91260186	91260268	82	82	46.00	56.00	50.99	51.00	4181.00
chr9	124543742	124543830	88	88	156.00	184.00	173.09	173.00	15232.00
chr12	54071005	54071170	165	165	1.00	22.00	15.35	16.00	2532.00
chr2	40443	41212	769	769	3.00	19.00	10.46	11.00	8041.00
chr11	67852159	67852747	588	588	2.00	17.00	7.67	7.00	4509.00
chr8	8233762	8234810	1048	1048	12.00	58.00	32.71	34.00	34278.00
chr2	175671113	175672148	1035	1035	0.00	9.00	4.18	4.00	4327.00
chr7	138984922	138985438	516	516	0.00	6.00	3.18	3.00	1642.00
chr22	40816850	40817104	254	254	41.00	92.00	71.75	75.00	18224.00
chr19	14263120	14263249	129	129	248.00	362.00	314.96	333.00	40630.00
chr19	16962222	16962345	123	123	61.00	103.00	82.42	84.00	10138.00
chr1	109813838	109813918	80	80	162.00	218.00	185.16	183.00	14813.00
chr3	49898148	49898562	414	414	4.00	545.00	248.24	370.00	102773.00
chr17	17131202	17131510	308	308	18.00	79.00	46.61	47.00	14355.00
chr1	21936067	21936139	72	72	245.00	276.00	261.21	262.00	18807.00
chr3	130424404	130424615	211	211	35.00	52.00	43.77	44.00	9236.00
chr12	56532710	56532797	87	87	74.00	95.00	83.98	83.00	7306.00
chr16	29888591	29888788	197	197	398.00	541.00	473.54	473.00	93288.00
chr2	114394588	114396196	1608	1608	7.00	44.00	20.28	19.00	32616.00
chr3	124180736	124180803	67	67	183.00	238.00	213.43	213.00	14300.00
chr9	111798485	111798660	175	175	34.00	53.00	43.20	44.00	7560.00
chr10	73847897	73848372	475	475	30.00	444.00	206.58	210.00	98125.00
chr22	21075585	21075706	121	121	692.00	820.00	746.45	743.00	90321.00
chr22	20920753	20921104	351	351	27.00	120.00	70.58	76.00	24773.00
chr9	140953020	140953185	165	165	33.00	48.00	41.35	42.00	6823.00
chr22	41620970	41621075	105	105	72.00	107.00	89.36	87.00	9383.00
chr11	6243671	6243839	168	168	41.00	70.00	56.70	56.00	9526.00
chr15	74704225	74704353	128	128	90.00	123.00	108.47	112.00	13884.00
chr3	48719780	48719985	205	205	118.00	165.00	142.14	143.00	29139.00
chr1	222833247	222833348	101	101	63.00	99.00	83.57	86.00	8441.00
chr1	6583675	6584824	1149	1149	4.00	34.00	18.45	18.00	21200.00
chr11	126135857	126135976	119	119	111.00	170.00	142.17	141.00	16918.00
chr8	75156763	75157410	647	647	12.00	41.00	24.58	24.00	15905.00
chr15	83345212	83345389	177	177	180.00	223.00	204.16	204.00	36136.00
chr14	68031638	68032561	923	923	1.00	8.00	3.45	3.00	3183.00
chr19	42479780	42479949	169	169	2283.00	2823.00	2534.98	2536.00	428411.00
chr16	31503329	31503407	78	78	175.00	215.00	197.90	202.00	15436.00
chr17	1564564	1564700	136	136	83.00	145.00	109.57	104.50	14901.00
chr16	58717858	58718082	224	224	2.00	20.00	12.48	14.00	2796.00
chr14	71575320	71575763	443	443	15.00	43.00	27.65	26.00	12251.00
chr1	202934498	202934628	130	130	75.00	107.00	93.47	93.00	12151.00
chr7	73118477	73118586	109	109	705.00	882.00	797.21	799.00	86896.00
chr19	13365908	13366073	165	165	66.00	89.00	76.82	76.00	12675.00
chr10	102265117	102265958	841	841	15.00	43.00	27.80	28.00	23379.00
chr9	139983320	139983457	137	137	59.00	97.00	77.84	75.00	10664.00
chr18	29206245	29206347	102	102	64.00	76.00	69.14	69.00	7052.00
chr12	120578662	120578827	165	165	38.00	60.00	49.01	49.00	8086.00
chr5	757516	758226	710	710	2.00	16.00	8.75	9.00	6209.00
chr8	21632483	21632567	84	84	39.00	50.00	44.67	45.00	3752.00
chr4	54011499	54011749	250	250	20.00	47.00	34.34	36.00	8584.00
chr8	141680613	141681365	752	752	0.00	17.00	6.78	7.00	5102.00
chr11	57367351	57367850	499	499	37.00	82.00	54.63	51.00	27262.00
chr12	63980009	63980784	775	775	0.00	9.00	3.51	3.00	2723.00
chr9	140057042	140057203	161	161	12.00	1248.00	1030.28	1100.00	165875.00
chr2	7055953	7056098	145	145	24.00	42.00	31.64	31.00	4588.00
chr12	52387768	52389043	1275	1275	6.00	144.00	80.66	79.00	102844.00
chr19	50104931	50105175	244	244	26.00	63.00	38.72	36.00	9448.00
chr19	5218430	5218543	113	113	237.00	318.00	284.94	288.00	32198.00
chr16	29898969	29899138	169	169	246.00	364.00	299.60	299.00	50633.00
chr7	99030900	99031041	141	141	7.00	24.00	13.74	13.00	1938.00
chr17	36692926	36693212	286	286	2.00	8.00	4.84	5.00	1384.00
chr15	73857770	73859335	1565	1565	4.00	64.00	29.44	28.00	46074.00
chr6	44104085	44104176	91	91	90.00	134.00	119.24	122.00	10851.00
chr1	21938518	21938602	84	84	338.00	464.00	399.30	407.50	33541.00
chr19	13423482	13423595	113	113	15.00	42.00	24.96	21.00	2821.00
chr16	70292882	70293089	207	207	518.00	726.00	609.08	618.00	126079.00
chr18	61060641	61060782	141	141	46.00	74.00	58.83	61.00	8295.00
chr16	22269814	22270016	202	202	4.00	12.00	9.69	10.00	1958.00
chr1	21554423	21554534	111	111	58.00	72.00	64.66	66.00	7177.00
chr9	140057255	140057455	200	200	11.00	1580.00	1059.83	1302.50	211966.00
chr7	1488255	1488397	142	142	13.00	25.00	20.13	21.00	2859.00
chr14	100166351	100166438	87	87	259.00	310.00	282.94	281.00	24616.00
chr9	101065522	101065705	183	183	315.00	415.00	360.04	359.00	65888.00
chr5	68411752	68412041	289	289	12.00	35.00	20.33	19.00	5875.00
chr1	2452539	2452754	215	215	32.00	46.00	39.13	39.00	8413.00
chr1	21564626	21564737	111	111	45.00	77.00	54.91	52.00	6095.00
chr13	42037713	42039066	1353	1353	1.00	13.00	5.52	5.00	7471.00
chr2	114350236	114350443	207	207	4.00	54.00	28.43	33.00	5884.00
chr1	21939668	21939722	54	54	369.00	437.00	407.80	413.00	22021.00
chr9	139353895	139354007	112	112	38.00	63.00	51.12	51.00	5725.00
chr7	102176367	102176618	251	251	8.00	28.00	18.14	20.00	4552.00
chr3	51411753	51412018	265	265	9.00	173.00	72.82	12.00	19296.00
chr17	73888091	73888266	175	175	8.00	16.00	12.08	12.00	2114.00
chr13	103297258	103297435	177	177	1.00	30.00	14.24	20.00	2521.00
chr15	63922664	63922834	170	170	107.00	175.00	139.23	143.00	23669.00
chr3	33400774	33400849	75	75	65.00	84.00	76.47	76.00	5735.00
chr22	50671744	50671955	211	211	40.00	60.00	49.29	50.00	10401.00
chr1	21190968	21191205	237	237	148.00	214.00	169.37	166.00	40141.00
chr5	14481649	14481727	78	78	101.00	137.00	118.50	118.00	9243.00
chr15	101605556	101606410	854	854	14.00	63.00	35.98	36.00	30730.00
chr17	80040402	80040554	152	152	289.00	372.00	321.91	315.50	48930.00
chr2	132269293	132270897	1604	1604	7.00	49.00	27.81	29.00	44606.00
chr11	1778553	1778786	233	233	626.00	886.00	758.80	799.00	176800.00
chr11	1469616	1469808	192	192	10.00	17.00	13.67	14.00	2625.00
chr12	120138549	120138630	81	81	204.00	258.00	230.98	234.00	18709.00
chr7	901016	901101	85	85	95.00	137.00	122.51	125.00	10413.00
chr19	13372263	13372424	161	161	71.00	121.00	99.89	98.00	16082.00
chr17	40843154	40843311	157	157	223.00	341.00	275.58	281.00	43266.00
chr17	80039476	80039719	243	243	281.00	424.00	347.61	350.00	84469.00
chr17	16681109	16687365	6256	6256	0.00	57.00	11.44	8.00	71541.00
chr1	116935475	116935610	135	135	1309.00	1781.00	1547.16	1564.00	208866.00
chr6	128294808	128294972	164	164	63.00	119.00	97.46	104.00	15984.00
chr5	109189927	109190617	690	690	0.00	7.00	2.36	2.00	1625.00
chr15	40757533	40757634	101	101	8.00	59.00	41.92	42.00	4234.00
chr2	220164706	220164981	275	275	354.00	705.00	514.72	517.00	141549.00
chr3	164905164	164908639	3475	3475	3.00	69.00	26.71	24.00	92832.00
chr11	60699157	60699356	199	199	75.00	285.00	217.22	220.00	43226.00
chr2	96680301	96680717	416	416	0.00	9.00	4.25	4.00	1766.00
chr17	40845314	40845554	240	240	250.00	381.00	308.40	298.50	74017.00
chr12	125264513	125265391	878	878	4.00	25.00	12.48	12.00	10958.00
chr1	156623704	156624158	454	454	5.00	19.00	11.74	12.00	5330.00
chr6	108370456	108370622	166	166	52.00	71.00	62.55	64.00	10384.00
chr11	19180486	19180587	101	101	13.00	29.00	21.92	22.00	2214.00
chr19	42489069	42489338	269	269	585.00	1298.00	976.50	1050.00	262679.00
chr2	198274493	198274731	238	238	68.00	105.00	91.01	93.00	21660.00
chr6	47220991	47221257	266	266	66.00	122.00	104.79	106.00	27875.00
chr19	40872679	40872822	143	143	1150.00	1690.00	1459.03	1520.00	208642.00
chr19	54693278	54693627	349	349	3.00	73.00	36.65	36.00	12790.00
chr12	81929	82174	245	245	2.00	30.00	15.58	15.00	3817.00
chr21	45513943	45514114	171	171	39.00	103.00	67.78	64.00	11591.00
chr3	124201630	124201747	117	117	3.00	288.00	213.68	263.00	25000.00
chr17	79805118	79805223	105	105	188.00	228.00	204.91	204.00	21516.00
chr20	46307419	46307548	129	129	74.00	97.00	87.44	88.00	11280.00
chr17	38187790	38187873	83	83	87.00	121.00	104.05	102.00	8636.00
chr2	207452814	207452878	64	64	209.00	271.00	251.78	257.00	16114.00
chr17	45695715	45695823	108	108	189.00	283.00	248.37	260.50	26824.00
chr7	44283023	44283126	103	103	455.00	571.00	494.87	495.00	50972.00
chr20	62274975	62275284	309	309	3.00	1971.00	905.16	1390.00	279693.00
chr11	108202605	108202764	159	159	6.00	12.00	8.91	9.00	1416.00
chr9	140051314	140051489	175	175	442.00	726.00	552.02	534.00	96604.00
chr22	45574118	45574781	663	663	21.00	79.00	55.25	56.00	36632.00
chr15	79312382	79312446	64	64	99.00	127.00	109.88	109.00	7032.00
chr1	21940120	21940199	79	79	359.00	440.00	408.56	410.00	32276.00
chr17	3775847	3775921	74	74	383.00	525.00	453.41	461.00	33552.00
chr7	73133931	73134019	88	88	10.00	579.00	192.24	130.00	16917.00
chr11	72292920	72292991	71	71	381.00	449.00	410.41	407.00	29139.00
chr7	43547616	43547730	114	114	86.00	118.00	98.28	99.50	11204.00
chr16	58713760	58714145	385	385	12.00	26.00	19.59	20.00	7541.00
chr22	21083600	21083794	194	194	468.00	850.00	674.83	715.50	130917.00
chr11	66457275	66457414	139	139	470.00	641.00	558.72	556.00	77662.00
chr15	91561034	91561115	81	81	14.00	32.00	24.12	27.00	1954.00
chr11	2968525	2969001	476	476	4.00	14.00	7.75	7.00	3688.00
chr19	34869838	34869910	72	72	1100.00	1438.00	1243.96	1247.50	89565.00
chr9	121970996	121971219	223	223	144.00	226.00	190.76	194.00	42540.00
chr3	47449772	47449980	208	208	4.00	63.00	38.80	51.00	8071.00
chr12	57601820	57601999	179	179	200.00	344.00	254.47	244.00	45551.00
chr16	2345590	2345741	151	151	97.00	133.00	115.19	115.00	17393.00
chr12	50471782	50471910	128	128	36.00	60.00	48.08	46.00	6154.00
chr1	109814221	109814344	123	123	248.00	316.00	280.68	282.00	34524.00
chr19	16942304	16942458	154	154	64.00	98.00	86.36	88.00	13299.00
chr11	66333301	66333398	97	97	388.00	469.00	424.39	427.00	41166.00
chr5	74026084	74026223	139	139	63.00	92.00	74.81	74.00	10399.00
chr5	68417520	68417722	202	202	24.00	49.00	38.62	39.00	7802.00
chr19	15272262	15272525	263	263	30.00	74.00	51.92	52.00	13656.00
chr3	45872404	45872482	78	78	55.00	84.00	72.96	76.00	5691.00
chr7	73123374	73123452	78	78	583.00	915.00	750.05	759.50	58504.00
chr5	14498197	14498360	163	163	97.00	136.00	117.52	118.00	19156.00
chr14	93180167	93180230	63	63	102.00	131.00	112.59	113.00	7093.00
chr9	130984739	130984875	136	136	1602.00	1969.00	1739.36	1731.50	236553.00
chr13	31216764	31216894	130	130	15.00	25.00	20.38	20.00	2649.00
chr12	112614399	112614506	107	107	51.00	143.00	114.82	122.00	12286.00
chr12	57602865	57602982	117	117	272.00	325.00	299.85	301.00	35082.00
chr14	72976861	72976987	126	126	46.00	76.00	59.21	55.50	7460.00
chr1	155209406	155209553	147	147	63.00	78.00	70.70	71.00	10393.00
chr10	49633930	49634113	183	183	77.00	122.00	104.17	107.00	19063.00
chr16	84100093	84100218	125	125	130.00	202.00	173.24	174.00	21655.00
chr1	155207924	155208097	173	173	86.00	153.00	115.24	117.00	19937.00
chr12	2786898	2787033	135	135	22.00	37.00	30.01	30.00	4052.00
chr2	233755457	233756197	740	740	8.00	862.00	149.76	21.00	110822.00
chr14	60631894	60632099	205	205	23.00	143.00	90.72	96.00	18597.00
chr1	11151549	11151654	105	105	56.00	79.00	66.11	66.00	6942.00
chr4	134076071	134076178	107	107	84.00	119.00	101.60	103.00	10871.00
chr15	91420364	91420441	77	77	73.00	91.00	81.48	81.00	6274.00
chr5	114961533	114961755	222	222	1.00	18.00	9.75	9.00	2164.00
chr16	1814047	1814211	164	164	4.00	456.00	223.12	324.50	36591.00
chr18	44250463	44252581	2118	2118	12.00	87.00	52.95	52.50	112146.00
chr6	158049380	158049518	138	138	33.00	50.00	39.43	39.00	5442.00
chr19	7675585	7675679	94	94	54.00	75.00	66.27	67.00	6229.00
chr13	99461604	99461719	115	115	22.00	90.00	65.42	76.00	7523.00
chr11	130010829	130011467	638	638	0.00	1158.00	131.73	20.00	84045.00
chr11	107526658	107526792	134	134	247.00	340.00	286.67	287.00	38414.00
chr16	1391294	1391490	196	196	147.00	271.00	201.92	201.50	39576.00
chr1	38182716	38184158	1442	1442	12.00	110.00	52.01	48.00	74997.00
chr5	179231023	179231323	300	300	3.00	16.00	9.89	10.00	2967.00
chr14	69814593	69814719	126	126	62.00	88.00	75.46	75.00	9508.00
chr14	69349174	69349309	135	135	182.00	262.00	226.90	226.00	30632.00
chr19	7614792	7614998	206	206	117.00	165.00	137.79	138.00	28384.00
chr1	228270375	228270466	91	91	3.00	828.00	250.62	104.00	22806.00
chr1	38186022	38186315	293	293	3.00	47.00	24.71	29.00	7240.00
chr13	77641715	77641999	284	284	179.00	320.00	245.32	238.50	69670.00
chr14	100157417	100157498	81	81	111.00	189.00	149.15	143.00	12081.00
chr13	32978280	32979333	1053	1053	6.00	72.00	19.42	15.00	20449.00
chr12	7301567	7301794	227	227	484.00	838.00	664.85	691.00	150921.00
chr9	123583116	123583257	141	141	24.00	44.00	36.01	38.00	5078.00
chr17	26883183	26883284	101	101	47.00	100.00	65.74	62.00	6640.00
chr12	6972993	6973137	144	144	244.00	295.00	271.55	272.00	39103.00
chr20	34322310	34322637	327	327	0.00	6.00	2.38	2.00	779.00
chr19	7606407	7606570	163	163	75.00	112.00	93.34	94.00	15215.00
chr16	2333186	2333373	187	187	4.00	214.00	156.70	167.00	29303.00
chr12	113825548	113825711	163	163	54.00	97.00	78.77	79.00	12840.00
chr7	4802013	4807749	5736	5736	4.00	75.00	25.01	22.00	143449.00
chr1	43394880	43394985	105	105	243.00	306.00	275.87	277.00	28966.00
chr19	4554399	4554488	89	89	349.00	423.00	388.89	390.00	34611.00
chr16	31719139	31719372	233	233	4.00	20.00	11.65	13.00	2715.00
chr5	134060669	134061744	1075	1075	2.00	25.00	10.59	10.00	11381.00
chr1	202936318	202936371	53	53	5.00	44.00	21.26	24.00	1127.00
chr2	220087366	220087615	249	249	146.00	200.00	171.58	171.00	42724.00
chr2	36764494	36764689	195	195	29.00	62.00	46.16	45.00	9002.00
chr7	43519208	43519343	135	135	72.00	103.00	88.33	89.00	11924.00
chr10	51249585	51249993	408	408	2.00	28.00	12.95	12.00	5283.00
chr6	32123647	32123755	108	108	72.00	119.00	95.89	97.00	10356.00
chr3	118624442	118624692	250	250	1.00	14.00	6.93	5.00	1732.00
chr1	190129797	190130020	223	223	20.00	45.00	31.57	33.00	7041.00
chr9	131004491	131004624	133	133	6.00	2581.00	1887.44	2126.00	251029.00
chr22	33679187	33679334	147	147	106.00	165.00	138.52	137.00	20362.00
chr15	74709931	74710016	85	85	59.00	83.00	72.48	72.00	6161.00
chr7	6470110	6470238	128	128	22.00	42.00	33.85	34.50	4333.00
chr1	6640600	6641359	759	759	11.00	34.00	21.42	21.00	16256.00
chr16	31510622	31510728	106	106	137.00	177.00	158.38	159.00	16788.00
chr4	103710287	103711803	1516	1516	5.00	33.00	17.32	17.00	26257.00
chr19	2862339	2862746	407	407	0.00	11.00	5.09	4.00	2073.00
chr2	15467873	15467994	121	121	26.00	44.00	36.55	38.00	4423.00
chr2	36780721	36781492	771	771	2.00	19.00	9.54	8.00	7352.00
chr10	81070680	81070941	261	261	10.00	31.00	19.07	19.00	4977.00
chr2	217234866	217235986	1120	1120	11.00	45.00	25.09	25.00	28106.00
chr10	93786348	93786508	160	160	27.00	40.00	32.67	33.00	5227.00
chr17	20268785	20269076	291	291	0.00	3.00	0.79	0.00	229.00
chr9	131002006	131002062	56	56	25.00	2334.00	2021.20	2175.00	113187.00
chr1	155208307	155208441	134	134	69.00	186.00	130.15	145.00	17440.00
chr2	162833877	162834373	496	496	2.00	266.00	23.87	5.00	11839.00
chr9	35799614	35799728	114	114	15.00	23.00	18.83	19.00	2147.00
chr20	62517856	62519234	1378	1378	2.00	111.00	21.35	20.00	29427.00
chr22	35942847	35943127	280	280	39.00	194.00	136.14	156.00	38119.00
chr13	26436438	26436546	108	108	30.00	43.00	35.99	36.00	3887.00
chr14	69371371	69371453	82	82	86.00	159.00	126.20	134.00	10348.00
chr7	44031274	44031581	307	307	2.00	46.00	14.39	6.00	4417.00
chr11	12274988	12275291	303	303	4.00	30.00	15.14	16.00	4587.00
chr5	1334403	1334498	95	95	98.00	132.00	115.29	117.00	10953.00
chr19	34868639	34868786	147	147	1105.00	1559.00	1282.63	1294.00	188547.00
chr16	1815960	1816143	183	183	304.00	422.00	352.46	339.00	64500.00
chr10	73578787	73578868	81	81	1975.00	3015.00	2555.77	2670.00	207017.00
chr17	37420427	37420640	213	213	13.00	25.00	17.39	17.00	3705.00
chr5	60835422	60835586	164	164	14.00	22.00	17.77	17.00	2915.00
chr15	79296143	79296517	374	374	172.00	244.00	206.44	205.00	77208.00
chr19	13039568	13039661	93	93	234.00	277.00	252.12	251.00	23447.00
chr12	49421585	49421713	128	128	36.00	55.00	44.88	44.00	5744.00
chr1	1661057	1662583	1526	1526	22.00	239.00	112.13	118.00	171113.00
chr2	207457340	207457460	120	120	260.00	334.00	301.18	301.50	36142.00
chr11	64542462	64543441	979	979	1.00	21.00	7.64	7.00	7479.00
chr20	61910250	61910347	97	97	107.00	143.00	124.82	126.00	12108.00
chr11	62394042	62394156	114	114	170.00	228.00	203.86	203.00	23240.00
chr5	37301538	37301652	114	114	12.00	18.00	14.24	14.00	1623.00
chr16	4733843	4733933	90	90	121.00	184.00	156.87	160.00	14118.00
chr15	43693913	43694048	135	135	37.00	64.00	52.27	52.00	7056.00
chr11	18764538	18764622	84	84	214.00	278.00	245.13	244.00	20591.00
chr17	57842331	57842499	168	168	84.00	110.00	97.22	97.00	16333.00
chr9	96076729	96078064	1335	1335	5.00	32.00	15.60	14.00	20822.00
chr11	12246219	12246367	148	148	228.00	329.00	288.93	289.00	42761.00
chr12	7030743	7031565	822	822	15.00	3547.00	1389.50	28.00	1142170.00
chr3	14523178	14523349	171	171	11.00	24.00	17.53	18.00	2997.00
chr5	758508	759483	975	975	0.00	11.00	5.37	5.00	5231.00
chr12	22635490	22635677	187	187	43.00	62.00	53.72	54.00	10046.00
chr5	14479369	14479459	90	90	87.00	119.00	103.57	105.00	9321.00
chr6	143655214	143656079	865	865	2.00	26.00	9.10	8.00	7869.00
chr7	75508360	75508578	218	218	35.00	675.00	407.28	468.50	88788.00
chr11	60697981	60698131	150	150	113.00	171.00	139.25	143.00	20887.00
chr1	151400598	151400889	291	291	30.00	90.00	65.95	68.00	19192.00
chr5	172196431	172197309	878	878	23.00	488.00	163.57	52.00	143617.00
chr3	49152660	49152794	134	134	49.00	89.00	64.07	59.00	8586.00
chr7	5518281	5519950	1669	1669	36.00	132.00	84.28	82.00	140657.00
chr17	16691106	16691449	343	343	1.00	57.00	29.32	35.00	10058.00
chr2	220086993	220087172	179	179	144.00	180.00	161.59	162.00	28925.00
chr10	51746916	51748006	1090	1090	3.00	65.00	31.72	29.00	34573.00
chr12	7302118	7302289	171	171	629.00	834.00	729.29	734.00	124708.00
chr11	59562844	59562955	111	111	17.00	40.00	29.57	34.00	3282.00
chr12	6100984	6101184	200	200	78.00	124.00	106.33	109.00	21265.00
chr19	5683274	5683627	353	353	4.00	23.00	16.16	17.00	5703.00
chr12	2786259	2786387	128	128	29.00	54.00	42.41	42.50	5428.00
chr15	26812727	26812880	153	153	76.00	117.00	96.99	98.00	14840.00
chr1	149007980	149008798	818	818	1.00	17.00	7.42	7.00	6067.00
chr19	54965608	54965861	253	253	86.00	203.00	134.08	125.00	33923.00
chr8	27293259	27293310	51	51	267.00	311.00	290.75	292.00	14828.00
chr15	23014437	23014528	91	91	64.00	77.00	70.45	70.00	6411.00
chr1	111717500	111717585	85	85	32.00	54.00	44.74	45.00	3803.00
chr6	150157220	150157433	213	213	119.00	156.00	137.51	137.00	29290.00
chr13	114566547	114566670	123	123	30.00	102.00	63.61	56.00	7824.00
chr16	58539291	58539605	314	314	0.00	20.00	8.87	6.00	2786.00
chr1	21936612	21936768	156	156	245.00	480.00	351.96	346.00	54906.00
chr1	17322880	17322991	111	111	254.00	377.00	300.68	294.00	33376.00
chr11	60699455	60699599	144	144	180.00	232.00	205.47	207.50	29587.00
chr5	6749669	6749770	101	101	32.00	50.00	39.14	39.00	3953.00
chr16	2156805	2156949	144	144	96.00	293.00	216.47	223.00	31172.00
chr15	34690834	34690930	96	96	77.00	192.00	161.18	170.50	15473.00
chr3	11074933	11075425	492	492	7.00	382.00	74.81	22.00	36805.00
chr5	74655222	74655381	159	159	92.00	127.00	109.23	109.00	17368.00
chr20	20022968	20023160	192	192	27.00	39.00	31.52	30.00	6052.00
chr2	39055481	39055578	97	97	29.00	39.00	33.09	33.00	3210.00
chr19	16793231	16793528	297	297	3.00	178.00	51.18	8.00	15200.00
chr2	219205450	219205509	59	59	109.00	136.00	121.00	120.00	7139.00
chr17	74087429	74087729	300	300	8.00	21.00	13.88	14.00	4165.00
chr3	184058150	184060036	1886	1886	8.00	577.00	93.18	26.00	175736.00
chr6	90333128	90333263	135	135	24.00	46.00	35.83	35.00	4837.00
chr12	125267019	125267429	410	410	4.00	41.00	15.65	12.00	6415.00
chr1	207942580	207943104	524	524	3.00	27.00	12.49	12.00	6543.00
chr4	89356876	89357043	167	167	33.00	81.00	56.38	58.00	9415.00
chr7	101995498	101995736	238	238	3.00	12.00	8.45	9.00	2010.00
chr3	11067458	11067562	104	104	253.00	350.00	299.95	300.00	31195.00
chr5	95734582	95734740	158	158	82.00	124.00	100.80	101.00	15927.00
chr6	152529106	152529341	235	235	78.00	118.00	98.50	99.00	23147.00
chr5	102295578	102295763	185	185	100.00	172.00	136.26	140.00	25209.00
chr22	21072980	21073110	130	130	705.00	1065.00	850.75	834.50	110598.00
chr12	121855306	121855714	408	408	42.00	120.00	80.32	82.00	32772.00
chr1	160326389	160326544	155	155	72.00	107.00	83.91	81.00	13006.00
chr11	60670930	60671007	77	77	293.00	394.00	358.21	363.00	27582.00
chr17	79804822	79804948	126	126	222.00	309.00	260.25	257.00	32792.00
chr16	18527204	18527332	128	128	609.00	895.00	790.99	810.00	101247.00
chr16	16372518	16372646	128	128	609.00	895.00	791.44	810.00	101304.00
chr2	32750530	32750695	165	165	14.00	31.00	22.83	23.00	3767.00
chr14	69369193	69369279	86	86	135.00	170.00	151.97	153.00	13069.00
chr7	66418212	66418356	144	144	75.00	104.00	89.38	90.00	12871.00
chr6	44107988	44108097	109	109	81.00	127.00	106.30	109.00	11587.00
chr7	70885893	70886091	198	198	216.00	367.00	283.61	271.00	56154.00
chr8	27295281	27295397	116	116	328.00	434.00	377.63	374.00	43805.00
chr7	73122918	73123018	100	100	777.00	1176.00	1001.81	979.50	100181.00
chr15	34698874	34699071	197	197	108.00	194.00	147.72	151.00	29101.00
chr8	22009343	22009513	170	170	158.00	248.00	195.49	190.50	33234.00
chr7	1526557	1526737	180	180	52.00	80.00	65.49	63.00	11789.00
chr5	178053946	178054065	119	119	0.00	40.00	17.68	15.00	2104.00
chr12	6103027	6103369	342	342	69.00	130.00	104.42	109.00	35713.00
chr2	3479491	3480482	991	991	5.00	17.00	10.89	11.00	10792.00
chr3	33883388	33883566	178	178	47.00	82.00	63.78	62.00	11353.00
chr19	11019778	11019883	105	105	80.00	128.00	101.99	96.00	10709.00
chr7	98446205	98446318	113	113	896.00	1356.00	1120.96	1129.00	126668.00
chr8	106813274	106813932	658	658	6.00	27.00	17.07	17.50	11230.00
chr2	223795338	223795530	192	192	135.00	204.00	169.55	176.00	32554.00
chr7	75511146	75511554	408	408	560.00	1029.00	772.62	745.50	315230.00
chr21	40184926	40185038	112	112	151.00	253.00	205.50	207.00	23016.00
chr19	53383575	53385236	1661	1661	1.00	23.00	10.43	10.00	17330.00
chr19	14208130	14208295	165	165	5.00	393.00	266.01	348.00	43891.00
chr15	91461013	91461618	605	605	6.00	257.00	76.60	12.00	46346.00
chr8	145278010	145278133	123	123	33.00	53.00	42.91	43.00	5278.00
chr16	28132990	28133083	93	93	93.00	134.00	117.33	118.00	10912.00
chr11	125280091	125280221	130	130	77.00	105.00	90.37	89.00	11748.00
chr15	63128089	63128317	228	228	33.00	169.00	118.89	132.00	27108.00
chr9	131181435	131181557	122	122	1.00	53.00	42.62	43.00	5200.00
chr19	3281196	3281343	147	147	139.00	223.00	184.07	183.00	27058.00
chr11	6240200	6240280	80	80	32.00	57.00	43.26	42.00	3461.00
chr20	31019123	31019287	164	164	13.00	27.00	19.87	20.00	3258.00
chr6	46825865	46827260	1395	1395	25.00	87.00	54.64	53.00	76227.00
chr12	1672006	1672666	660	660	0.00	20.00	8.11	9.00	5354.00
chr12	9098824	9099001	177	177	52.00	157.00	114.11	115.00	20198.00
chr7	121738503	121738630	127	127	3.00	13.00	8.94	9.00	1136.00
chr19	40875814	40875935	121	121	812.00	1096.00	929.88	897.00	112516.00
chr20	3581592	3581671	79	79	41.00	54.00	45.15	44.00	3567.00
chr17	7226965	7227042	77	77	70.00	99.00	89.16	91.00	6865.00
chr2	74331800	74332809	1009	1009	4.00	26.00	17.61	18.00	17768.00
chr1	209785136	209785610	474	474	10.00	266.00	179.39	191.00	85030.00
chr9	35546426	35548532	2106	2106	57.00	183.00	116.24	117.00	244811.00
chr17	80040198	80040290	92	92	262.00	320.00	296.68	299.00	27295.00
chr11	73074791	73075284	493	493	14.00	219.00	76.97	24.00	37946.00
chr20	44674976	44675075	99	99	253.00	297.00	270.03	268.00	26733.00
chr20	5892091	5892328	237	237	25.00	225.00	124.22	134.00	29440.00
chr17	20316581	20317594	1013	1013	0.00	9.00	4.03	4.00	4080.00
chr12	99478702	99478801	99	99	128.00	164.00	145.41	145.00	14396.00
chr17	40842756	40842960	204	204	236.00	317.00	276.61	277.50	56429.00
chr11	107501142	107501288	146	146	133.00	161.00	146.73	147.00	21423.00
chr11	85429236	85429532	296	296	1.00	10.00	5.60	6.00	1659.00
chr20	9449217	9449319	102	102	34.00	52.00	44.82	46.00	4572.00
chr14	23371395	23371591	196	196	95.00	157.00	122.23	120.00	23957.00
chr7	716865	716957	92	92	1571.00	2067.00	1868.79	1911.50	171929.00
chr10	48862360	48862682	322	322	6.00	197.00	108.33	137.00	34883.00
chr10	68686678	68688210	1532	1532	10.00	61.00	32.31	30.00	49496.00
chr5	179674854	179674926	72	72	230.00	271.00	246.83	247.00	17772.00
chr1	209773327	209773456	129	129	106.00	158.00	132.46	134.00	17087.00
chr17	45691034	45691091	57	57	176.00	215.00	197.75	202.00	11272.00
chr1	19669871	19670118	247	247	7.00	24.00	14.79	13.00	3652.00
chr17	45664025	45664710	685	685	5.00	153.00	34.89	17.00	23903.00
chr19	2337634	2338840	1206	1206	4.00	65.00	18.95	16.00	22856.00
chr8	22011480	22011552	72	72	191.00	235.00	208.01	204.00	14977.00
