#chrom	start	end	size	num_data	min	max	mean	median	sum
chr12	1940100	1940691	591	591	3.00	20.00	10.21	10.00	6033.00
chr1	27480473	27481381	908	908	11.00	40.00	23.26	22.00	21120.00
chr15	63112684	63112809	125	125	69.00	113.00	92.06	93.00	11507.00
chr5	149231737	149232254	517	517	3.00	14.00	6.26	5.00	3234.00
chr5	140865429	140867182	1753	1753	10.00	43.00	25.58	25.00	44843.00
chr1	32209793	32209958	165	165	30.00	50.00	42.73	44.00	7050.00
chr16	87873307	87873431	124	124	54.00	105.00	86.98	93.00	10785.00
chr17	34157438	34158175	737	737	0.00	11.00	4.30	4.00	3172.00
chr2	127815619	127816088	469	469	4.00	18.00	11.29	11.00	5293.00
chr1	208212965	208213112	147	147	4.00	13.00	7.70	8.00	1132.00
chr22	19703883	19704666	783	783	4.00	17.00	12.47	13.00	9767.00
chr16	87872319	87872423	104	104	58.00	114.00	87.24	87.00	9073.00
chr9	140055740	140055868	128	128	359.00	508.00	421.77	412.00	53986.00
chr22	21096515	21096643	128	128	82.00	115.00	97.09	97.00	12427.00
chr9	140056321	140056540	219	219	0.00	588.00	386.07	495.00	84549.00
chr11	78379981	78380253	272	272	7.00	20.00	11.28	10.00	3067.00
chr3	11070420	11070533	113	113	120.00	162.00	136.01	136.00	15369.00
chr1	109812554	109813222	668	668	3.00	221.00	96.48	141.50	64447.00
chr2	220161954	220162155	201	201	202.00	306.00	256.04	264.00	51465.00
chr15	74706887	74707086	199	199	83.00	140.00	105.56	105.00	21007.00
chr17	7318829	7319426	597	597	53.00	123.00	85.84	85.00	51247.00
chr1	21560050	21560154	104	104	13.00	36.00	26.44	28.50	2750.00
chr1	25573799	25573952	153	153	5.00	212.00	128.53	159.00	19665.00
chr14	93198993	93199160	167	167	30.00	43.00	36.22	36.00	6048.00
chr1	205554003	205554119	116	116	23.00	34.00	29.03	29.50	3367.00
chr1	9795005	9795232	227	227	342.00	505.00	422.15	424.00	95827.00
chr17	42426525	42426670	145	145	52.00	93.00	74.99	75.00	10874.00
chr18	70205887	70206179	292	292	0.00	62.00	20.43	1.00	5966.00
chr1	205553082	205553251	169	169	20.00	42.00	31.63	32.00	5345.00
chr9	140056623	140056766	143	143	2.00	511.00	327.92	372.00	46892.00
chr6	33412147	33412394	247	247	2.00	38.00	21.92	30.00	5414.00
chr12	89992366	89992547	181	181	0.00	28.00	18.62	21.00	3371.00
chr2	220088827	220089576	749	749	43.00	101.00	70.36	72.00	52700.00
chr14	100763073	100765222	2149	2149	10.00	113.00	50.28	50.00	108059.00
chr1	110740697	110742543	1846	1846	0.00	180.00	119.13	123.00	219916.00
chr1	149878201	149879758	1557	1557	1.00	455.00	119.72	10.00	186406.00
chr3	197264139	197265259	1120	1120	0.00	16.00	4.53	3.00	5076.00
chr8	56449623	56450530	907	907	0.00	6.00	1.51	1.00	1368.00
chr9	139354208	139354326	118	118	18.00	28.00	22.78	23.00	2688.00
chr1	32204908	32205236	328	328	50.00	90.00	70.95	72.00	23271.00
chr7	75608768	75608897	129	129	45.00	66.00	55.20	55.00	7121.00
chr19	45161029	45161178	149	149	16.00	34.00	26.19	28.00	3902.00
chr19	5243911	5244493	582	582	24.00	65.00	40.60	36.00	23632.00
chr6	32119585	32119717	132	132	1.00	84.00	44.54	51.00	5879.00
chr3	42670878	42672067	1189	1189	0.00	12.00	3.59	3.00	4264.00
chr11	45892392	45892485	93	93	20.00	36.00	27.22	28.00	2531.00
chr17	80040789	80040991	202	202	178.00	283.00	219.16	211.50	44271.00
chr2	74902875	74903036	161	161	10.00	18.00	13.47	13.00	2168.00
chr17	38335969	38337946	1977	1977	0.00	42.00	7.35	6.00	14533.00
chr16	87870103	87870253	150	150	80.00	124.00	101.85	103.00	15278.00
chr1	32205947	32206142	195	195	46.00	78.00	62.64	63.00	12214.00
chr6	44117553	44117702	149	149	5.00	140.00	93.09	126.00	13870.00
chr1	159163659	159163830	171	171	228.00	301.00	271.18	272.00	46372.00
chr3	445565	446023	458	458	0.00	2.00	0.66	0.00	304.00
chr2	25048913	25048995	82	82	91.00	110.00	101.57	101.00	8329.00
chr10	99504485	99504672	187	187	32.00	60.00	44.65	45.00	8349.00
chr4	54364807	54365010	203	203	6.00	19.00	11.56	11.00	2346.00
chr17	1634367	1634552	185	185	11.00	24.00	18.84	19.00	3485.00
chr7	72416124	72416247	123	123	30.00	49.00	37.15	37.00	4569.00
chr1	208212169	208212329	160	160	4.00	9.00	6.64	6.00	1062.00
chr9	140952500	140952702	202	202	10.00	23.00	14.97	15.00	3023.00
chr6	44197325	44197528	203	203	34.00	60.00	46.67	47.00	9473.00
chr6	44197643	44198218	575	575	8.00	53.00	25.45	22.00	14632.00
chr11	118981972	118982084	112	112	47.00	60.00	53.32	54.00	5972.00
chr5	150503846	150503952	106	106	1.00	597.00	400.17	514.50	42418.00
chr11	118981761	118981878	117	117	46.00	78.00	62.09	64.00	7264.00
chr11	126314873	126315000	127	127	46.00	72.00	57.13	57.00	7255.00
chr1	159165808	159166244	436	436	2.00	331.00	61.27	4.00	26715.00
chr7	134893542	134893750	208	208	9.00	30.00	17.68	18.00	3678.00
chr9	121976196	121976433	237	237	20.00	40.00	30.36	31.00	7196.00
chr19	54691042	54691169	127	127	81.00	138.00	111.48	114.00	14158.00
chr22	38621430	38621600	170	170	163.00	243.00	201.08	195.50	34184.00
chr13	42035681	42036205	524	524	0.00	9.00	3.53	3.00	1851.00
chr20	1915360	1915413	53	53	2.00	178.00	126.64	159.00	6712.00
chr5	14496987	14497126	139	139	31.00	49.00	39.94	39.00	5551.00
chr12	56528125	56528212	87	87	44.00	57.00	50.82	51.00	4421.00
chr3	47466974	47467101	127	127	45.00	59.00	52.42	52.00	6657.00
chr17	7415476	7415663	187	187	60.00	107.00	78.91	77.00	14756.00
chr3	33588037	33589252	1215	1215	0.00	10.00	4.37	4.00	5313.00
chr7	887833	888615	782	782	3.00	21.00	9.84	8.00	7695.00
chr10	24813251	24813693	442	442	7.00	23.00	15.94	16.00	7045.00
chr1	109812045	109812213	168	168	102.00	151.00	126.76	127.00	21295.00
chr19	15276597	15276902	305	305	32.00	78.00	54.87	54.00	16734.00
chr16	2334779	2334999	220	220	71.00	123.00	96.06	98.00	21133.00
chr16	68404761	68405261	500	500	2.00	12.00	8.34	9.00	4169.00
chr4	110969111	110969871	760	760	5.00	23.00	13.64	14.00	10368.00
chr1	145693161	145693996	835	835	4.00	19.00	11.25	12.00	9394.00
chr7	44282848	44282932	84	84	162.00	192.00	176.81	178.00	14852.00
chr2	220164315	220164508	193	193	6.00	156.00	68.55	14.00	13230.00
chr12	50472203	50472360	157	157	45.00	85.00	59.85	56.00	9397.00
chr2	220163768	220163833	65	65	241.00	289.00	267.66	271.00	17398.00
chr2	222289928	222290862	934	934	3.00	17.00	10.16	10.00	9490.00
chr12	57599133	57599268	135	135	63.00	121.00	86.67	82.00	11700.00
chr7	157475416	157475629	213	213	84.00	162.00	123.32	129.00	26267.00
chr1	32203800	32203927	127	127	60.00	107.00	84.91	82.00	10783.00
chr1	109811731	109811912	181	181	79.00	126.00	101.99	98.00	18460.00
chr9	140052830	140052975	145	145	257.00	575.00	437.26	481.00	63402.00
chr2	220161706	220161854	148	148	237.00	331.00	269.86	265.50	39940.00
chr16	29896906	29897070	164	164	243.00	401.00	335.21	346.00	54974.00
chr16	47143393	47143622	229	229	3.00	10.00	6.57	6.00	1504.00
chr11	993753	993985	232	232	93.00	153.00	128.11	132.00	29721.00
chr9	124059698	124061137	1439	1439	8.00	71.00	31.82	29.00	45796.00
chr9	140350140	140350634	494	494	1.00	9.00	5.43	5.00	2681.00
chr11	14504577	14504697	120	120	24.00	43.00	32.77	31.00	3933.00
chr3	49898612	49898733	121	121	48.00	106.00	84.13	93.00	10180.00
chr9	131811659	131811777	118	118	21.00	45.00	34.67	37.00	4091.00
chr9	131810705	131810818	113	113	44.00	67.00	59.83	60.00	6761.00
chr1	223400935	223401080	145	145	42.00	61.00	50.34	50.00	7299.00
chr12	125612185	125612820	635	635	0.00	21.00	5.04	2.00	3201.00
chr2	220088590	220088744	154	154	59.00	92.00	73.98	74.00	11393.00
chr9	70888487	70888750	263	263	1.00	6.00	3.21	3.00	844.00
chr14	69813756	69813898	142	142	53.00	76.00	67.75	70.00	9620.00
chr2	47399145	47399890	745	745	0.00	38.00	10.52	10.00	7835.00
chr11	62688689	62689041	352	352	0.00	0.00	0.00	0.00	0.00
chr6	43745205	43745407	202	202	2.00	47.00	35.58	36.00	7188.00
chr3	11072492	11072997	505	505	1.00	213.00	47.66	13.00	24068.00
chr7	2696031	2696168	137	137	40.00	64.00	54.45	54.00	7459.00
chr16	14969196	14969279	83	83	263.00	428.00	365.07	375.00	30301.00
chr17	7377847	7378026	179	179	1.00	4.00	2.62	3.00	469.00
chr12	65639640	65639719	79	79	9.00	17.00	11.81	12.00	933.00
chr12	50294912	50295108	196	196	590.00	813.00	696.03	680.00	136422.00
chr19	42485653	42485788	135	135	1192.00	1590.00	1422.61	1415.00	192052.00
chr10	99509230	99509343	113	113	65.00	116.00	86.86	89.00	9815.00
chr22	38883877	38888120	4243	4243	12.00	429.00	110.68	84.00	469595.00
chr12	49416372	49416658	286	286	40.00	67.00	54.51	54.00	15590.00
chr6	24843089	24843782	693	693	4.00	19.00	8.90	8.00	6168.00
chr5	176295561	176295665	104	104	9.00	16.00	12.95	13.00	1347.00
chr10	99510087	99510227	140	140	64.00	116.00	87.20	88.50	12208.00
chr1	159173658	159174770	1112	1112	3.00	25.00	12.28	12.00	13658.00
chr11	1780745	1780869	124	124	580.00	936.00	767.47	754.50	95166.00
chr19	42486059	42486258	199	199	971.00	1468.00	1208.55	1228.00	240502.00
chr3	47465422	47465535	113	113	41.00	59.00	50.92	51.00	5754.00
chr1	21573713	21573856	143	143	12.00	28.00	17.73	18.00	2536.00
chr11	65320330	65320453	123	123	59.00	89.00	73.98	74.00	9099.00
chr3	47462420	47462519	99	99	81.00	114.00	98.23	101.00	9725.00
chr2	219204751	219204864	113	113	33.00	50.00	40.48	40.00	4574.00
chr1	43906123	43906257	134	134	8.00	24.00	14.18	14.00	1900.00
chr7	38785158	38785840	682	682	3.00	111.00	16.25	9.00	11083.00
chr2	153499932	153500058	126	126	9.00	24.00	14.19	12.00	1788.00
chr1	32203011	32203132	121	121	1.00	139.00	102.98	118.00	12460.00
chr22	42290823	42290941	118	118	160.00	225.00	193.47	192.50	22830.00
chr19	47940718	47940818	100	100	34.00	53.00	42.33	42.00	4233.00
chr4	119539150	119539274	124	124	0.00	2.00	0.98	0.00	122.00
chr17	44117067	44117250	183	183	28.00	42.00	35.05	35.00	6415.00
chr19	42485873	42485983	110	110	1099.00	1380.00	1230.42	1240.00	135346.00
chr6	44114583	44114664	81	81	50.00	70.00	61.41	62.00	4974.00
chr19	47941105	47941292	187	187	2.00	48.00	27.73	39.00	5185.00
chr11	73074250	73074500	250	250	82.00	117.00	95.87	95.00	23968.00
chr3	33418764	33418825	61	61	77.00	103.00	89.56	87.00	5463.00
chr1	700258	700505	247	247	2.00	27.00	17.66	20.00	4363.00
chr9	74319510	74319719	209	209	5.00	18.00	10.84	11.00	2266.00
chr16	2336694	2336968	274	274	44.00	109.00	79.89	83.00	21889.00
chr20	3575125	3575219	94	94	40.00	49.00	42.91	43.00	4034.00
chr9	139231377	139231529	152	152	28.00	37.00	31.62	31.00	4807.00
chr5	140515951	140516498	547	547	1.00	14.00	6.78	7.00	3708.00
chr1	21938208	21938309	101	101	138.00	165.00	151.82	152.00	15334.00
chr3	155659188	155659936	748	748	3.00	39.00	23.23	24.00	17376.00
chr16	27483068	27483241	173	173	32.00	73.00	49.90	46.00	8633.00
chr11	994071	994245	174	174	58.00	120.00	96.84	103.00	16850.00
chr7	71175745	71175913	168	168	60.00	90.00	74.07	74.00	12443.00
chr12	121204065	121204175	110	110	62.00	98.00	79.94	81.00	8793.00
chr7	73118679	73118753	74	74	34.00	50.00	39.57	38.50	2928.00
chr9	140972565	140972710	145	145	9.00	28.00	20.50	23.00	2973.00
chr12	121683329	121684024	695	695	0.00	10.00	3.91	4.00	2716.00
chr16	74493579	74493687	108	108	80.00	137.00	113.71	117.00	12281.00
chr2	36771518	36771641	123	123	25.00	47.00	34.80	36.00	4280.00
chr7	94187181	94187996	815	815	2.00	11.00	5.81	5.00	4733.00
chr14	94156951	94157239	288	288	0.00	2.00	0.82	1.00	235.00
chr7	121739000	121739524	524	524	3.00	14.00	7.19	7.00	3769.00
chr1	19549117	19549328	211	211	34.00	49.00	42.70	43.00	9010.00
chr19	5214571	5214747	176	176	65.00	124.00	93.82	96.00	16512.00
chr19	42557753	42557861	108	108	28.00	51.00	39.98	41.00	4318.00
chr15	102510686	102510925	239	239	4.00	41.00	25.55	25.00	6106.00
chr5	167673761	167675376	1615	1615	3.00	41.00	19.59	19.00	31631.00
chr7	44282158	44282253	95	95	184.00	216.00	197.48	197.00	18761.00
chr2	160621061	160621717	656	656	0.00	30.00	3.19	1.00	2095.00
chr5	10426501	10426634	133	133	77.00	101.00	89.32	90.00	11880.00
chr16	1814301	1814460	159	159	260.00	344.00	305.71	305.00	48608.00
chr11	21581734	21581928	194	194	14.00	27.00	19.80	20.00	3841.00
chr3	126749085	126749255	170	170	37.00	73.00	52.44	47.00	8915.00
chr11	12237765	12237866	101	101	21.00	42.00	31.16	31.00	3147.00
chr6	31750872	31750963	91	91	41.00	60.00	48.52	47.00	4415.00
chr3	53124201	53124398	197	197	3.00	6.00	4.68	5.00	922.00
chr2	220161470	220161544	74	74	288.00	369.00	334.39	344.50	24745.00
chr2	128951046	128951785	739	739	3.00	25.00	11.92	11.00	8807.00
chr5	24535811	24535931	120	120	6.00	10.00	8.33	8.00	1000.00
chr1	44083406	44083582	176	176	57.00	104.00	74.34	71.00	13083.00
chr1	32207653	32207818	165	165	38.00	55.00	46.73	47.00	7710.00
chr12	7293754	7294000	246	246	4.00	298.00	169.46	237.50	41688.00
chr3	131442289	131442469	180	180	6.00	13.00	10.53	11.00	1896.00
chr3	49898871	49899298	427	427	5.00	102.00	45.68	59.00	19505.00
chr16	66432358	66432464	106	106	15.00	27.00	19.61	19.00	2079.00
chr1	20982593	20982680	87	87	105.00	207.00	149.31	140.00	12990.00
chr16	68398653	68398809	156	156	4.00	14.00	9.98	10.00	1557.00
chr17	16676818	16678279	1461	1461	0.00	6.00	1.64	1.00	2400.00
chr1	109814899	109815027	128	128	125.00	183.00	149.59	146.00	19147.00
chr1	21940478	21940582	104	104	147.00	193.00	167.90	165.00	17462.00
chr20	57468284	57468793	509	509	1.00	14.00	7.58	7.00	3860.00
chr3	127358087	127358366	279	279	97.00	318.00	208.84	205.00	58266.00
chr3	126735359	126735527	168	168	13.00	29.00	20.82	21.00	3497.00
chr10	103869140	103869264	124	124	96.00	141.00	113.38	107.00	14059.00
chr20	44520554	44520666	112	112	75.00	128.00	93.05	86.50	10422.00
chr1	32203252	32203356	104	104	63.00	100.00	79.49	75.00	8267.00
chr21	40186196	40186316	120	120	39.00	48.00	42.65	43.00	5118.00
chr5	111067153	111068349	1196	1196	0.00	10.00	3.21	3.00	3843.00
chr9	128002954	128003186	232	232	212.00	333.00	262.06	257.00	60799.00
chr1	43408896	43408992	96	96	140.00	192.00	170.15	173.00	16334.00
chr3	47463931	47464026	95	95	52.00	91.00	70.76	76.00	6722.00
chr2	220161160	220161238	78	78	317.00	385.00	354.04	356.50	27615.00
chr11	62472772	62473089	317	317	444.00	769.00	603.82	616.00	191410.00
chr9	130986341	130986906	565	565	0.00	296.00	53.77	4.00	30379.00
chr14	69358769	69359000	231	231	21.00	47.00	33.58	35.00	7758.00
chr11	64416205	64416379	174	174	122.00	189.00	154.49	149.00	26881.00
chr17	8398454	8398559	105	105	66.00	90.00	75.10	73.00	7885.00
chr12	53572943	53574193	1250	1250	2.00	27.00	14.79	14.00	18487.00
chr17	17696544	17701827	5283	5283	3.00	62.00	22.82	22.00	120560.00
chr8	11705187	11705331	144	144	422.00	579.00	490.79	494.50	70674.00
chr19	54963829	54963931	102	102	106.00	159.00	129.65	126.50	13224.00
chr2	70451682	70456295	4613	4613	0.00	69.00	6.85	5.00	31605.00
chr11	118873959	118874169	210	210	0.00	4.00	2.14	2.00	449.00
chr10	75548427	75548581	154	154	19.00	40.00	30.45	30.00	4690.00
chr6	33414351	33414563	212	212	26.00	73.00	55.16	57.00	11693.00
chr17	80042910	80043032	122	122	106.00	161.00	136.17	137.00	16613.00
chr11	11470290	11470483	193	193	6.00	21.00	13.46	13.00	2597.00
chr8	23294446	23294771	325	325	30.00	66.00	44.74	42.00	14542.00
chr1	116932060	116932663	603	603	2.00	560.00	206.26	7.00	124374.00
chr15	83222627	83222741	114	114	59.00	85.00	71.81	73.00	8186.00
chr3	9841562	9841751	189	189	7.00	15.00	11.86	12.00	2242.00
chr1	116937731	116937907	176	176	420.00	711.00	515.40	500.50	90710.00
chr16	87868019	87868197	178	178	76.00	104.00	88.27	89.00	15712.00
chr3	124209540	124209731	191	191	4.00	18.00	10.42	11.00	1991.00
chr7	71142195	71142291	96	96	51.00	73.00	62.34	63.00	5985.00
chr5	130497324	130497584	260	260	1.00	11.00	4.80	4.00	1247.00
chr13	100199238	100199358	120	120	106.00	162.00	123.58	119.00	14830.00
chr5	139943336	139943506	170	170	10.00	85.00	68.14	72.00	11584.00
chr17	74395529	74396002	473	473	20.00	55.00	39.74	38.00	18797.00
chr14	93179149	93179216	67	67	62.00	80.00	68.39	68.00	4582.00
chr4	160277004	160277310	306	306	12.00	86.00	45.70	46.50	13985.00
chr17	40666306	40666478	172	172	303.00	399.00	348.70	348.00	59976.00
chr15	34828065	34828207	142	142	5.00	78.00	62.04	69.00	8810.00
chr14	100165802	100165876	74	74	90.00	109.00	99.15	99.00	7337.00
chr22	20128089	20128231	142	142	7.00	43.00	26.93	34.00	3824.00
chr12	3392210	3394421	2211	2211	3.00	47.00	20.90	21.00	46211.00
chr17	16687866	16690667	2801	2801	0.00	48.00	10.86	9.00	30410.00
chr6	31664724	31664810	86	86	77.00	111.00	94.86	95.00	8158.00
chr6	30627512	30627611	99	99	23.00	38.00	28.01	26.00	2773.00
chr11	18752834	18755060	2226	2226	1.00	154.00	23.73	12.00	52826.00
chr12	109332602	109332731	129	129	47.00	67.00	55.83	56.00	7202.00
chr6	90072884	90073110	226	226	2.00	8.00	5.58	5.00	1261.00
chr16	2689371	2689711	340	340	1.00	8.00	3.98	4.00	1353.00
chr1	20987373	20987484	111	111	79.00	102.00	92.79	93.00	10300.00
chr14	85985300	85986667	1367	1367	0.00	4.00	0.89	1.00	1211.00
chr13	32863769	32863880	111	111	16.00	70.00	39.60	40.00	4396.00
chr16	1510418	1510528	110	110	48.00	64.00	56.09	57.00	6170.00
chr19	54963269	54963444	175	175	118.00	170.00	145.94	146.00	25540.00
chr6	44224078	44224233	155	155	26.00	54.00	36.15	32.00	5603.00
chr20	3151172	3152285	1113	1113	0.00	10.00	4.26	4.00	4738.00
chr1	892273	892405	132	132	62.00	104.00	75.64	74.00	9984.00
chr16	90192167	90192724	557	557	1.00	15.00	7.18	6.00	3997.00
chr9	111663704	111663810	106	106	38.00	65.00	47.03	44.00	4985.00
chr6	44108764	44108835	71	71	52.00	70.00	60.27	59.00	4279.00
chr1	36028802	36029027	225	225	527.00	807.00	661.72	669.00	148886.00
chr11	66807259	66807674	415	415	2.00	32.00	19.44	19.00	8068.00
chr1	178426817	178427679	862	862	3.00	21.00	11.24	10.00	9687.00
chr19	42482302	42482478	176	176	1247.00	1747.00	1432.81	1410.00	252175.00
chr1	44084718	44084873	155	155	61.00	111.00	87.37	85.00	13542.00
chr1	109812315	109812442	127	127	118.00	152.00	130.78	127.00	16609.00
chr3	180324268	180324391	123	123	31.00	54.00	45.49	47.00	5595.00
chr15	63933668	63933842	174	174	32.00	45.00	38.80	39.00	6751.00
chr20	44521363	44521519	156	156	107.00	143.00	125.74	125.50	19616.00
chr3	33416779	33416910	131	131	43.00	92.00	67.48	67.00	8840.00
chr1	21934624	21934843	219	219	0.00	195.00	103.43	144.00	22652.00
chr14	69799801	69799886	85	85	34.00	77.00	58.09	59.00	4938.00
chr1	116936134	116936345	211	211	1.00	546.00	431.64	467.00	91077.00
chr14	23634493	23634645	152	152	21.00	48.00	35.47	36.50	5392.00
chr16	1402538	1402947	409	409	2.00	12.00	6.30	6.00	2578.00
chr9	20331	25000	4669	4669	0.00	151.00	20.38	19.00	95157.00
chr17	43545574	43545959	385	385	5.00	17.00	10.24	10.00	3941.00
chr13	100201418	100201476	58	58	93.00	115.00	104.02	103.00	6033.00
chr15	41865505	41865665	160	160	61.00	98.00	77.51	78.50	12401.00
chr19	19641688	19642196	508	508	0.00	10.00	5.07	5.00	2574.00
chr11	134147593	134148159	566	566	0.00	11.00	3.53	3.00	1998.00
chr2	71656420	71657290	870	870	0.00	16.00	9.34	10.00	8126.00
chr7	97834775	97835016	241	241	9.00	32.00	19.83	20.00	4779.00
chr19	13363804	13363915	111	111	40.00	57.00	48.56	48.00	5390.00
chr18	31328383	31329011	628	628	0.00	9.00	3.54	3.00	2222.00
chr16	66431884	66432009	125	125	20.00	28.00	24.29	24.00	3036.00
chr19	47935155	47935702	547	547	1.00	66.00	28.36	30.00	15512.00
chr12	50291769	50291873	104	104	578.00	680.00	628.71	627.50	65386.00
chr11	1780198	1780317	119	119	557.00	848.00	670.46	625.00	79785.00
chr15	65392626	65393167	541	541	3.00	11.00	5.86	6.00	3170.00
chr2	86397871	86397967	96	96	40.00	75.00	60.02	61.00	5762.00
chr7	97866087	97866233	146	146	30.00	52.00	41.15	43.00	6008.00
chr11	60687157	60687402	245	245	55.00	97.00	79.00	79.00	19355.00
chr21	43307700	43309453	1753	1753	1.00	42.00	23.16	23.00	40592.00
chr14	24619269	24619657	388	388	7.00	36.00	19.37	18.00	7515.00
chr11	65320634	65320727	93	93	41.00	65.00	54.57	54.00	5075.00
chr16	29891184	29891385	201	201	292.00	449.00	365.99	358.00	73563.00
chr1	32207224	32207326	102	102	91.00	108.00	98.86	99.00	10084.00
chr11	72300218	72300394	176	176	0.00	44.00	13.85	1.00	2438.00
chr17	7608878	7609038	160	160	0.00	19.00	9.57	9.00	1531.00
chr19	7607646	7607814	168	168	46.00	67.00	56.29	55.00	9456.00
chr19	54966129	54966271	142	142	110.00	154.00	133.21	136.00	18916.00
chr12	57995027	57995131	104	104	32.00	48.00	39.30	39.00	4087.00
chr1	27428875	27429049	174	174	19.00	59.00	37.70	35.00	6559.00
chr2	27688277	27688385	108	108	11.00	23.00	18.04	18.00	1948.00
chr16	2691449	2692254	805	805	1.00	15.00	6.72	6.00	5407.00
chr9	131503813	131503933	120	120	124.00	165.00	143.36	142.50	17203.00
chr16	2347766	2347922	156	156	47.00	73.00	57.13	56.00	8912.00
chr17	80039884	80040036	152	152	195.00	279.00	227.59	225.00	34594.00
chr1	32204432	32204538	106	106	60.00	101.00	81.49	85.00	8638.00
chr12	9242951	9243078	127	127	252.00	322.00	280.67	277.00	35645.00
chr3	49702661	49702751	90	90	14.00	27.00	21.77	21.00	1959.00
chr19	35820359	35820837	478	478	9.00	45.00	23.74	23.00	11347.00
chr1	201456762	201457615	853	853	1.00	15.00	8.80	9.00	7505.00
chr16	2334279	2334438	159	159	70.00	107.00	88.87	90.00	14131.00
chr10	73578373	73578481	108	108	1730.00	2229.00	1968.53	1955.50	212601.00
chr16	18530550	18530756	206	206	1.00	244.00	121.38	173.50	25005.00
chr16	16369094	16369300	206	206	1.00	244.00	121.38	173.50	25005.00
chr13	113975636	113975785	149	149	7.00	499.00	209.79	9.00	31259.00
chr11	119293822	119294227	405	405	1.00	590.00	52.10	3.00	21102.00
chr5	150505962	150506041	79	79	371.00	444.00	410.77	413.00	32451.00
chr22	44224939	44225078	139	139	234.00	316.00	267.48	258.00	37180.00
chr15	41865199	41865309	110	110	56.00	100.00	78.83	75.00	8671.00
chr17	25633807	25636298	2491	2491	5.00	386.00	109.89	83.00	273733.00
chr15	72495155	72495529	374	374	3.00	1706.00	631.62	7.00	236227.00
chr9	42540272	42542124	1852	1852	0.00	10.00	2.15	2.00	3978.00
chr11	119290760	119291704	944	944	0.00	878.00	320.36	5.00	302420.00
chr19	5219949	5220165	216	216	51.00	99.00	76.27	78.00	16474.00
chr15	63910769	63911153	384	384	0.00	2.00	0.79	1.00	304.00
chr17	74393879	74393969	90	90	35.00	64.00	45.82	44.00	4124.00
chr10	104129467	104129532	65	65	31.00	42.00	37.43	37.00	2433.00
chr3	142454224	142454620	396	396	0.00	5.00	2.69	3.00	1066.00
chr12	121205196	121205396	200	200	66.00	89.00	78.12	78.00	15624.00
chr3	31705570	31705724	154	154	2.00	9.00	5.38	5.00	828.00
chr6	118635190	118636593	1403	1403	4.00	42.00	22.40	22.00	31421.00
chr8	10339867	10340829	962	962	0.00	13.00	4.56	4.00	4389.00
chr19	16952578	16952779	201	201	39.00	68.00	55.03	56.00	11062.00
chr8	110984486	110985016	530	530	0.00	3.00	0.55	0.00	291.00
chr9	128001219	128001610	391	391	239.00	452.00	342.34	345.00	133853.00
chr11	73070878	73070997	119	119	97.00	126.00	111.19	111.00	13232.00
chr10	104130140	104130235	95	95	30.00	37.00	33.46	34.00	3179.00
chr5	95733039	95733173	134	134	1.00	13.00	8.51	9.00	1140.00
chr19	59059400	59059547	147	147	117.00	157.00	134.86	135.00	19824.00
chr5	139943169	139943255	86	86	11.00	73.00	51.88	54.00	4462.00
chr17	73487771	73487981	210	210	47.00	68.00	56.22	56.00	11806.00
chr1	154315588	154315777	189	189	4.00	14.00	7.95	7.00	1502.00
chr14	95652726	95653070	344	344	2.00	10.00	6.04	6.00	2078.00
chr12	123639801	123640772	971	971	0.00	17.00	8.02	8.00	7787.00
chr22	47064870	47065171	301	301	0.00	2.00	0.86	1.00	258.00
chr5	24535220	24535388	168	168	4.00	12.00	7.40	7.00	1243.00
chr12	6806452	6806958	506	506	43.00	126.00	78.78	78.00	39862.00
chr22	29881711	29881836	125	125	492.00	635.00	550.18	540.00	68773.00
chr7	75894681	75894786	105	105	28.00	48.00	39.49	40.00	4146.00
chr12	121089007	121095893	6886	6886	0.00	12.00	2.15	2.00	14788.00
chr1	207940357	207942365	2008	2008	3.00	89.00	19.00	14.00	38147.00
chr7	154681166	154681240	74	74	110.00	134.00	123.09	123.50	9109.00
chr5	131696513	131697529	1016	1016	1.00	10.00	5.59	6.00	5682.00
chr11	1776135	1776258	123	123	347.00	725.00	560.37	542.00	68925.00
chr8	11706554	11706673	119	119	307.00	417.00	361.27	359.00	42991.00
chr11	18759426	18759511	85	85	93.00	118.00	106.19	108.00	9026.00
chr16	61689373	61689625	252	252	4.00	21.00	9.12	8.00	2299.00
chr15	51750702	51750824	122	122	44.00	65.00	52.25	52.00	6375.00
chr9	35555056	35555698	642	642	60.00	158.00	108.78	109.00	69838.00
chr2	198356200	198356621	421	421	1.00	8.00	4.16	5.00	1750.00
chr9	131001723	131001794	71	71	577.00	798.00	677.04	673.00	48070.00
chr19	5214371	5214491	120	120	104.00	138.00	124.54	127.00	14945.00
chr22	35719488	35719623	135	135	103.00	127.00	112.54	112.00	15193.00
chr12	121678738	121679829	1091	1091	0.00	6.00	2.13	2.00	2329.00
chr14	23820960	23821064	104	104	862.00	1007.00	923.98	932.50	96094.00
chr1	32205710	32205779	69	69	62.00	86.00	68.16	65.00	4703.00
chr3	33420176	33420326	150	150	6.00	102.00	35.99	9.00	5399.00
chr9	114820707	114820966	259	259	13.00	34.00	20.77	19.00	5379.00
chr15	41865876	41866023	147	147	1.00	123.00	100.74	109.00	14809.00
chr19	55554308	55554637	329	329	2.00	11.00	7.14	7.00	2348.00
chr1	116933403	116933513	110	110	421.00	526.00	485.25	487.00	53377.00
chr19	15374230	15374359	129	129	34.00	53.00	45.15	46.00	5824.00
chr12	56090682	56090852	170	170	25.00	41.00	32.50	33.00	5525.00
chr14	69445668	69445876	208	208	6.00	31.00	18.24	22.00	3794.00
chr12	57603474	57603651	177	177	107.00	156.00	132.12	132.00	23385.00
chr22	32897492	32898946	1454	1454	2.00	60.00	20.10	17.00	29223.00
chr16	16367702	16367764	62	62	1.00	254.00	124.98	137.00	7749.00
chr19	5245786	5246056	270	270	31.00	63.00	48.21	49.00	13017.00
chr16	74345440	74345829	389	389	2.00	21.00	8.62	8.00	3353.00
chr6	107096899	107097076	177	177	14.00	38.00	26.12	25.00	4624.00
chr1	29641883	29642019	136	136	33.00	55.00	46.14	49.00	6275.00
chr8	97342440	97342509	69	69	71.00	98.00	86.54	87.00	5971.00
chr8	68116914	68117054	140	140	23.00	46.00	32.92	33.00	4609.00
chr22	22037470	22037546	76	76	19.00	29.00	23.29	23.00	1770.00
chr22	50682147	50683420	1273	1273	3.00	51.00	28.79	29.00	36645.00
chr20	44048971	44049069	98	98	174.00	228.00	196.13	195.50	19221.00
chr1	36904356	36904511	155	155	12.00	20.00	15.57	15.00	2413.00
chr12	71054719	71054877	158	158	10.00	23.00	16.04	16.00	2535.00
chr15	50654364	50655515	1151	1151	1.00	22.00	6.98	7.00	8029.00
chr2	234198499	234198620	121	121	14.00	35.00	26.35	27.00	3188.00
chr9	128001699	128001812	113	113	252.00	340.00	299.70	302.00	33866.00
chr8	38272296	38272419	123	123	56.00	79.00	68.78	69.00	8460.00
chr11	73068069	73068179	110	110	64.00	105.00	86.85	89.00	9553.00
chr16	28123137	28123327	190	190	97.00	160.00	127.52	123.00	24229.00
chr12	49424062	49424222	160	160	12.00	32.00	20.73	19.00	3316.00
chr19	50302885	50303023	138	138	160.00	269.00	224.39	233.00	30966.00
chr19	42480567	42480718	151	151	2333.00	2897.00	2560.42	2516.00	386624.00
chr3	197904395	197905301	906	906	1.00	23.00	9.78	10.00	8864.00
chr13	100189992	100190117	125	125	69.00	102.00	87.43	89.00	10929.00
chr19	14268062	14268272	210	210	59.00	131.00	96.34	102.00	20232.00
chr10	93786886	93787057	171	171	22.00	41.00	29.36	29.00	5020.00
chr1	109808726	109808828	102	102	68.00	101.00	82.87	82.00	8453.00
chr4	134075461	134075520	59	59	51.00	75.00	65.02	67.00	3836.00
chr1	22052268	22053864	1596	1596	0.00	12.00	4.75	4.00	7582.00
chr9	140056855	140056968	113	113	391.00	516.00	436.19	433.00	49289.00
chr19	42482087	42482224	137	137	1677.00	2465.00	2051.66	2079.00	281077.00
chr19	4556962	4557025	63	63	86.00	119.00	100.02	98.00	6301.00
chr19	14266921	14267013	92	92	66.00	113.00	95.04	97.00	8744.00
chr22	42273851	42274127	276	276	2.00	267.00	131.90	147.00	36405.00
chr1	205549788	205550049	261	261	16.00	33.00	25.26	25.00	6592.00
chr1	110765585	110766522	937	937	43.00	124.00	87.56	89.00	82048.00
chr19	55553595	55554158	563	563	1.00	11.00	5.79	5.00	3259.00
chr7	150929881	150931360	1479	1479	6.00	41.00	16.89	16.00	24979.00
chr3	124215157	124215260	103	103	4.00	16.00	11.60	12.00	1195.00
chr16	58220658	58220760	102	102	17.00	27.00	22.41	23.00	2286.00
chr3	10381925	10382033	108	108	65.00	91.00	78.46	78.00	8474.00
chr10	11356101	11356221	120	120	13.00	27.00	22.07	23.00	2648.00
chr22	42294652	42294785	133	133	190.00	317.00	252.84	241.00	33628.00
chr1	2005531	2005714	183	183	4.00	16.00	8.53	8.00	1561.00
chr12	113722522	113722576	54	54	42.00	57.00	48.52	47.00	2620.00
chr9	131502198	131502398	200	200	1.00	164.00	130.18	136.00	26035.00
chr19	40873602	40873786	184	184	530.00	791.00	625.47	609.50	115087.00
chr2	220162606	220162825	219	219	103.00	248.00	163.88	160.00	35890.00
chr16	28270027	28270355	328	328	0.00	2.00	0.84	1.00	277.00
chr4	3225718	3225858	140	140	27.00	63.00	41.92	42.00	5869.00
chr17	44127898	44128070	172	172	31.00	47.00	37.99	37.00	6535.00
chr3	47462043	47462262	219	219	43.00	94.00	58.52	57.00	12816.00
chr6	99873090	99873182	92	92	0.00	71.00	28.00	20.50	2576.00
chr7	142561723	142562504	781	781	12.00	41.00	25.16	24.00	19650.00
chr1	159169540	159169666	126	126	371.00	529.00	467.51	477.50	58906.00
chr19	7606869	7606953	84	84	27.00	53.00	40.37	37.00	3391.00
chr16	2811561	2818298	6737	6737	5.00	407.00	181.26	168.00	1221119.00
chr3	47450652	47450807	155	155	28.00	53.00	41.36	42.00	6411.00
chr11	118403631	118403922	291	291	49.00	85.00	61.69	59.00	17952.00
chr1	205555161	205555335	174	174	20.00	38.00	28.23	28.00	4912.00
chr12	125603186	125603311	125	125	8.00	20.00	14.64	15.00	1830.00
chr11	86658288	86659498	1210	1210	3.00	17.00	8.49	9.00	10270.00
chr22	37764946	37768745	3799	3799	2.00	111.00	38.78	35.00	147321.00
chr10	46345664	46346215	551	551	2.00	19.00	8.92	9.00	4914.00
chr22	33673045	33673241	196	196	16.00	48.00	26.22	20.00	5139.00
chr9	140042599	140042666	67	67	7.00	90.00	64.24	65.00	4304.00
chr3	48717233	48717320	87	87	61.00	113.00	82.53	83.00	7180.00
chr11	60681600	60681740	140	140	6.00	54.00	28.26	23.00	3957.00
chr10	93784512	93784724	212	212	19.00	35.00	25.08	25.00	5316.00
chr12	7289424	7290372	948	948	0.00	201.00	54.66	5.00	51821.00
chr3	132387062	132387526	464	464	3.00	12.00	5.97	6.00	2768.00
chr16	2335442	2335647	205	205	73.00	133.00	102.81	98.00	21077.00
chr16	1794782	1797276	2494	2494	4.00	211.00	35.51	20.00	88552.00
chr16	3786036	3786204	168	168	22.00	38.00	31.08	31.00	5222.00
chr9	141131209	141131766	557	557	1.00	15.00	6.78	6.00	3779.00
chr14	92965028	92966015	987	987	0.00	9.00	2.87	2.00	2832.00
chr19	54692070	54692200	130	130	59.00	136.00	100.06	101.00	13008.00
chr15	43866006	43866230	224	224	42.00	67.00	54.47	54.00	12202.00
chr3	40231316	40231954	638	638	14.00	46.00	27.04	25.00	17249.00
chr3	50148937	50149455	518	518	2.00	14.00	7.35	7.00	3808.00
chr4	81117505	81117755	250	250	0.00	5.00	1.93	2.00	482.00
chr10	46740404	46740638	234	234	2.00	18.00	8.14	6.00	1905.00
chr3	124210169	124210271	102	102	3.00	9.00	5.36	6.00	547.00
chr11	107488830	107488932	102	102	50.00	77.00	68.14	71.00	6950.00
chr9	130591965	130592106	141	141	43.00	81.00	62.84	64.00	8861.00
chr1	20981932	20982027	95	95	106.00	174.00	127.26	126.00	12090.00
chr12	75875613	75875859	246	246	21.00	44.00	35.12	35.00	8640.00
chr22	32046684	32046764	80	80	12.00	22.00	17.43	17.00	1394.00
chr11	70331418	70331658	240	240	0.00	14.00	6.93	7.00	1664.00
chr14	51079976	51080069	93	93	115.00	149.00	133.82	135.00	12445.00
chr17	80041077	80041301	224	224	134.00	308.00	221.52	216.50	49621.00
chr7	158540884	158540971	87	87	34.00	49.00	41.44	41.00	3605.00
chr1	21553651	21553719	68	68	31.00	39.00	34.85	35.00	2370.00
chr2	219206256	219206349	93	93	34.00	59.00	44.58	43.00	4146.00
chr17	18444211	18445242	1031	1031	0.00	6.00	1.84	1.00	1900.00
chr12	57599340	57599460	120	120	91.00	139.00	118.30	123.00	14196.00
chr11	64417919	64418110	191	191	113.00	160.00	136.41	136.00	26054.00
chr19	3274926	3275650	724	724	0.00	5.00	1.21	1.00	873.00
chr16	18532086	18532305	219	219	188.00	433.00	293.58	287.00	64295.00
chr17	3776702	3776756	54	54	38.00	54.00	44.74	44.00	2416.00
chr1	116932670	116933033	363	363	2.00	569.00	285.14	480.00	103505.00
chr16	1505731	1505796	65	65	66.00	93.00	77.62	78.00	5045.00
chr1	9794029	9794200	171	171	382.00	559.00	459.87	443.00	78637.00
chr10	73579221	73579379	158	158	1319.00	1550.00	1439.13	1441.00	227382.00
chr11	6411684	6412146	462	462	6.00	99.00	44.96	40.00	20771.00
chr1	159163212	159163350	138	138	218.00	273.00	244.57	243.00	33750.00
chr16	1816723	1816804	81	81	290.00	328.00	305.57	303.00	24751.00
chr7	91722399	91722630	231	231	0.00	36.00	24.88	26.00	5747.00
chr7	44281816	44281939	123	123	179.00	229.00	204.55	204.00	25160.00
chr2	220467189	220467297	108	108	9.00	20.00	14.06	13.00	1518.00
chr16	4494664	4494729	65	65	71.00	94.00	84.23	87.00	5475.00
chr15	34681844	34681986	142	142	5.00	78.00	62.04	69.00	8810.00
chr9	139995935	139996124	189	189	37.00	73.00	52.90	53.00	9998.00
chr3	180324040	180324160	120	120	32.00	51.00	44.42	46.00	5330.00
chr3	42678359	42681242	2883	2883	10.00	110.00	37.64	32.00	108509.00
chr7	131812776	131815333	2557	2557	1.00	16.00	7.64	7.00	19541.00
chr20	1585387	1585522	135	135	5.00	86.00	55.01	71.00	7426.00
chr3	126751229	126751442	213	213	39.00	70.00	54.90	57.00	11694.00
chr15	63920875	63921014	139	139	50.00	83.00	67.66	66.00	9405.00
chr16	2040128	2040202	74	74	2.00	49.00	27.45	22.00	2031.00
chr9	74324174	74324390	216	216	11.00	27.00	18.13	19.00	3916.00
chr20	44521858	44521950	92	92	109.00	139.00	124.24	124.00	11430.00
chr9	139911647	139911798	151	151	461.00	544.00	512.56	515.00	77397.00
chr9	140055507	140055649	142	142	380.00	586.00	499.72	526.00	70960.00
chr12	120148055	120148191	136	136	26.00	43.00	34.46	35.00	4687.00
chr12	50474280	50474372	92	92	70.00	97.00	85.27	84.50	7845.00
chr15	63125702	63125828	126	126	55.00	88.00	70.76	72.00	8916.00
chr9	20907148	20907241	93	93	23.00	41.00	31.40	30.00	2920.00
chr16	87874655	87874761	106	106	61.00	95.00	81.54	83.00	8643.00
chr2	162833269	162833460	191	191	0.00	69.00	34.65	53.00	6618.00
chr8	11704560	11704677	117	117	279.00	424.00	354.72	357.00	41502.00
chr15	63926931	63927087	156	156	50.00	78.00	63.99	64.00	9983.00
chr6	31668718	31668805	87	87	75.00	115.00	91.00	89.00	7917.00
chr7	148910792	148910906	114	114	5.00	18.00	11.85	13.00	1351.00
chr14	42355808	42357213	1405	1405	5.00	33.00	16.77	16.00	23559.00
chr10	88678928	88679226	298	298	4.00	20.00	10.71	11.00	3193.00
chr3	140998219	140998346	127	127	13.00	24.00	18.66	19.00	2370.00
chr1	144859758	144859998	240	240	25.00	60.00	39.82	39.00	9557.00
chr9	96054772	96055455	683	683	22.00	80.00	47.45	50.00	32408.00
chr19	7604803	7604944	141	141	41.00	87.00	56.72	55.00	7998.00
chr12	30906277	30907432	1155	1155	1.00	35.00	12.65	9.00	14616.00
chr9	131112762	131112854	92	92	74.00	94.00	83.87	85.00	7716.00
chr20	61981328	61982379	1051	1051	15.00	76.00	42.98	42.00	45169.00
chr7	38431348	38431618	270	270	75.00	136.00	95.71	93.00	25843.00
chr20	44521036	44521123	87	87	100.00	133.00	114.15	113.00	9931.00
chr11	64418726	64419108	382	382	115.00	170.00	140.36	139.00	53618.00
chr12	120148344	120150270	1926	1926	0.00	57.00	10.18	6.00	19616.00
chr12	6930971	6931066	95	95	0.00	56.00	28.33	24.00	2691.00
chr16	2339434	2339621	187	187	42.00	87.00	64.74	66.00	12107.00
chr2	27700083	27700187	104	104	4.00	11.00	6.97	6.00	725.00
chr14	69805367	69805494	127	127	38.00	61.00	47.13	45.00	5985.00
chr12	9242497	9242619	122	122	260.00	366.00	318.70	321.00	38882.00
chr3	58256658	58256791	133	133	49.00	100.00	68.99	65.00	9176.00
chr10	79744927	79745098	171	171	9.00	31.00	18.69	19.00	3196.00
chr1	159161725	159161866	141	141	133.00	237.00	202.81	214.00	28596.00
chr16	31085202	31085519	317	317	1.00	8.00	4.36	4.00	1383.00
chr1	171755018	171755218	200	200	17.00	34.00	27.11	27.00	5423.00
chr9	130988124	130989280	1156	1156	0.00	379.00	42.01	4.00	48564.00
chr15	63127935	63127998	63	63	57.00	73.00	64.38	64.00	4056.00
chr19	1917676	1917821	145	145	4.00	131.00	96.95	106.00	14058.00
chr22	25315792	25315960	168	168	52.00	77.00	63.47	63.00	10663.00
chr2	207943790	207945085	1295	1295	5.00	33.00	18.52	19.00	23986.00
chr11	47330706	47330952	246	246	0.00	142.00	62.35	2.00	15338.00
chr3	142743978	142746095	2117	2117	0.00	68.00	6.90	4.00	14616.00
chr7	44839492	44839694	202	202	0.00	8.00	3.13	4.00	633.00
chr22	31688260	31688471	211	211	2.00	89.00	51.11	65.00	10784.00
chr11	66333492	66333638	146	146	217.00	376.00	309.01	328.50	45116.00
chr9	131114916	131115026	110	110	86.00	120.00	102.20	103.00	11242.00
chr1	20206	21013	807	807	1.00	48.00	28.23	30.00	22781.00
chr11	108216469	108216635	166	166	23.00	43.00	30.48	30.00	5059.00
chr1	209778880	209779019	139	139	10.00	20.00	14.18	13.00	1971.00
chr1	202935876	202936026	150	150	49.00	84.00	68.96	67.00	10344.00
chr12	57600255	57600524	269	269	129.00	201.00	161.14	164.00	43348.00
chr19	15233503	15233615	112	112	43.00	81.00	58.76	58.00	6581.00
chr8	68115317	68115486	169	169	30.00	61.00	45.80	48.00	7740.00
chr19	13419229	13419342	113	113	12.00	18.00	13.98	14.00	1580.00
chr6	33266815	33267130	315	315	1.00	17.00	7.29	8.00	2295.00
chr16	89780611	89781646	1035	1035	0.00	18.00	8.87	9.00	9182.00
chr12	109964162	109964221	59	59	14.00	26.00	21.03	22.00	1241.00
chr22	24491893	24492045	152	152	11.00	22.00	14.97	14.00	2275.00
chr2	242592926	242593025	99	99	72.00	134.00	98.23	95.00	9725.00
chr1	21937944	21938074	130	130	148.00	231.00	194.20	198.00	25246.00
chr2	223789173	223789313	140	140	53.00	94.00	73.84	79.00	10338.00
chr20	3772318	3772535	217	217	0.00	9.00	3.71	3.00	804.00
chr16	18531918	18532001	83	83	252.00	412.00	350.01	356.00	29051.00
chr1	43396296	43396537	241	241	176.00	246.00	208.81	209.00	50324.00
chr2	100037960	100038115	155	155	15.00	34.00	24.10	22.00	3735.00
chr16	1500497	1500770	273	273	3.00	83.00	45.41	56.00	12397.00
chr19	40876016	40876144	128	128	558.00	761.00	671.28	666.50	85924.00
chr5	168112691	168112932	241	241	4.00	11.00	7.93	8.00	1912.00
chr2	127825738	127825831	93	93	114.00	173.00	145.38	154.00	13520.00
chr1	19232015	19234990	2975	2975	3.00	52.00	17.64	17.00	52479.00
chr16	1391129	1391196	67	67	134.00	168.00	149.73	146.00	10032.00
chr6	33410665	33411689	1024	1024	0.00	48.00	25.80	26.00	26415.00
chr9	95872033	95872266	233	233	1.00	7.00	4.24	5.00	988.00
chr1	53378627	53378839	212	212	1.00	10.00	3.58	3.00	759.00
chr2	80531276	80531693	417	417	1.00	13.00	5.87	5.00	2447.00
chr7	44286718	44286791	73	73	140.00	182.00	162.40	166.00	11855.00
chr7	157369304	157369471	167	167	150.00	221.00	185.07	178.00	30907.00
chr11	18755079	18755191	112	112	3.00	135.00	85.80	112.00	9610.00
chr6	86237979	86238080	101	101	60.00	82.00	71.00	71.00	7171.00
chr8	145000951	145001050	99	99	17.00	34.00	24.75	24.00	2450.00
chr19	45167680	45167966	286	286	4.00	15.00	8.07	7.00	2308.00
chr10	48930165	48930400	235	235	2.00	15.00	7.23	6.00	1700.00
chr16	87871450	87871547	97	97	107.00	133.00	120.40	120.00	11679.00
chr1	109815454	109815649	195	195	100.00	170.00	128.09	125.00	24978.00
chr1	208215442	208215711	269	269	3.00	9.00	6.53	7.00	1756.00
chr2	260866	261451	585	585	0.00	14.00	3.78	4.00	2214.00
chr5	180481266	180481724	458	458	2.00	20.00	12.66	13.00	5800.00
chr7	73119479	73119631	152	152	0.00	59.00	21.53	1.00	3273.00
chr15	34677248	34677358	110	110	136.00	189.00	168.64	171.50	18550.00
chr16	57687114	57687247	133	133	33.00	63.00	45.92	45.00	6107.00
chr15	50649406	50649592	186	186	1.00	3.00	2.03	2.00	377.00
chr22	21071995	21072066	71	71	202.00	309.00	238.80	232.00	16955.00
chr5	179200882	179201561	679	679	4.00	21.00	13.12	13.00	8909.00
chr10	98763824	98763979	155	155	35.00	53.00	43.46	43.00	6736.00
chr14	102963315	102963457	142	142	33.00	55.00	44.28	46.00	6288.00
chr1	21932558	21933138	580	580	1.00	200.00	45.32	7.00	26285.00
chr16	28118842	28118998	156	156	89.00	148.00	112.60	112.00	17566.00
chr1	241767561	241767881	320	320	1.00	7.00	3.81	4.00	1219.00
chr11	66812063	66812184	121	121	8.00	27.00	16.58	14.00	2006.00
chr11	12248571	12248678	107	107	15.00	37.00	23.83	23.00	2550.00
chr9	130588788	130588951	163	163	39.00	75.00	58.09	63.00	9469.00
chr22	21068915	21068988	73	73	197.00	256.00	232.74	235.00	16990.00
chr1	43424304	43424531	227	227	4.00	178.00	123.65	134.00	28068.00
chr14	105852021	105853670	1649	1649	18.00	57.00	35.83	36.00	59079.00
chr15	34823469	34823579	110	110	136.00	189.00	168.64	171.50	18550.00
chr11	171365	172282	917	917	1.00	23.00	9.63	9.00	8828.00
chr22	24493976	24494155	179	179	20.00	31.00	24.48	24.00	4382.00
chr15	79291060	79291167	107	107	131.00	172.00	154.05	154.00	16483.00
chr16	2145904	2146194	290	290	2.00	14.00	8.26	9.00	2394.00
chr9	131503050	131503166	116	116	115.00	161.00	135.09	135.00	15671.00
chr11	61301983	61302579	596	596	0.00	8.00	3.79	4.00	2256.00
chr22	25308609	25308719	110	110	46.00	64.00	56.18	56.00	6180.00
chr12	63977826	63979986	2160	2160	0.00	10.00	3.92	4.00	8460.00
chr19	46928844	46930933	2089	2089	2.00	64.00	35.41	37.00	73972.00
chr16	56969146	56969224	78	78	97.00	133.00	112.67	109.50	8788.00
chr17	40665787	40665996	209	209	3.00	521.00	251.66	375.00	52597.00
chr9	131669435	131671600	2165	2165	34.00	105.00	67.27	67.00	145629.00
chr2	220164026	220164271	245	245	2.00	275.00	81.68	8.00	20011.00
chr19	7589846	7590052	206	206	7.00	63.00	31.57	31.00	6503.00
chr6	91260186	91260268	82	82	15.00	33.00	23.39	24.00	1918.00
chr9	124543742	124543830	88	88	63.00	77.00	71.30	72.00	6274.00
chr12	54071005	54071170	165	165	3.00	12.00	8.18	9.00	1350.00
chr2	40443	41212	769	769	0.00	7.00	1.75	1.00	1349.00
chr11	67852159	67852747	588	588	0.00	11.00	5.23	5.00	3078.00
chr8	8233762	8234810	1048	1048	0.00	7.00	2.19	2.00	2294.00
chr2	175671113	175672148	1035	1035	0.00	4.00	0.51	0.00	532.00
chr7	138984922	138985438	516	516	0.00	4.00	1.45	1.00	749.00
chr22	40816850	40817104	254	254	15.00	42.00	29.07	29.00	7384.00
chr19	14263120	14263249	129	129	93.00	144.00	120.04	120.00	15485.00
chr19	16962222	16962345	123	123	33.00	57.00	43.19	44.00	5312.00
chr1	109813838	109813918	80	80	97.00	132.00	113.28	113.00	9062.00
chr3	49898148	49898562	414	414	1.00	123.00	56.89	69.00	23552.00
chr17	17131202	17131510	308	308	5.00	32.00	22.65	25.00	6977.00
chr1	21936067	21936139	72	72	109.00	130.00	118.96	118.00	8565.00
chr3	130424404	130424615	211	211	15.00	28.00	21.27	21.00	4489.00
chr12	56532710	56532797	87	87	42.00	57.00	50.33	50.00	4379.00
chr16	29888591	29888788	197	197	266.00	390.00	328.43	328.00	64701.00
chr2	114394588	114396196	1608	1608	5.00	25.00	15.15	15.00	24367.00
chr3	124180736	124180803	67	67	4.00	10.00	7.91	8.00	530.00
chr9	111798485	111798660	175	175	31.00	42.00	35.86	35.00	6275.00
chr10	73847897	73848372	475	475	19.00	369.00	143.13	127.00	67989.00
chr22	21075585	21075706	121	121	143.00	209.00	168.31	165.00	20366.00
chr22	20920753	20921104	351	351	19.00	75.00	48.66	53.00	17080.00
chr9	140953020	140953185	165	165	13.00	23.00	16.68	16.00	2753.00
chr22	41620970	41621075	105	105	47.00	60.00	53.92	54.00	5662.00
chr11	6243671	6243839	168	168	14.00	28.00	22.35	23.00	3755.00
chr15	74704225	74704353	128	128	103.00	132.00	117.05	117.00	14982.00
chr3	48719780	48719985	205	205	49.00	89.00	67.90	67.00	13920.00
chr1	222833247	222833348	101	101	48.00	75.00	65.45	69.00	6610.00
chr1	6583675	6584824	1149	1149	2.00	18.00	9.11	8.00	10470.00
chr11	126135857	126135976	119	119	68.00	120.00	94.28	92.00	11219.00
chr8	75156763	75157410	647	647	4.00	20.00	10.38	10.00	6719.00
chr15	83345212	83345389	177	177	61.00	91.00	75.35	74.00	13337.00
chr14	68031638	68032561	923	923	6.00	27.00	14.56	15.00	13441.00
chr19	42479780	42479949	169	169	1955.00	2410.00	2153.65	2142.00	363967.00
chr16	31503329	31503407	78	78	80.00	115.00	96.99	97.50	7565.00
chr17	1564564	1564700	136	136	84.00	130.00	104.68	104.00	14237.00
chr16	58717858	58718082	224	224	1.00	17.00	8.77	8.00	1965.00
chr14	71575320	71575763	443	443	13.00	46.00	27.83	27.00	12328.00
chr1	202934498	202934628	130	130	72.00	98.00	84.40	84.00	10972.00
chr7	73118477	73118586	109	109	38.00	50.00	43.32	43.00	4722.00
chr19	13365908	13366073	165	165	22.00	45.00	34.28	36.00	5656.00
chr10	102265117	102265958	841	841	4.00	29.00	16.72	17.00	14064.00
chr9	139983320	139983457	137	137	49.00	71.00	60.68	62.00	8313.00
chr18	29206245	29206347	102	102	18.00	26.00	22.26	22.00	2271.00
chr12	120578662	120578827	165	165	35.00	52.00	44.46	45.00	7336.00
chr5	757516	758226	710	710	0.00	8.00	3.43	3.00	2433.00
chr8	21632483	21632567	84	84	4.00	13.00	8.55	9.00	718.00
chr4	54011499	54011749	250	250	14.00	42.00	27.03	27.00	6758.00
chr8	141680613	141681365	752	752	1.00	22.00	10.90	11.00	8195.00
chr11	57367351	57367850	499	499	29.00	71.00	46.67	45.00	23287.00
chr12	63980009	63980784	775	775	0.00	5.00	2.02	2.00	1567.00
chr9	140057042	140057203	161	161	2.00	558.00	450.19	482.00	72481.00
chr2	7055953	7056098	145	145	1.00	7.00	3.33	3.00	483.00
chr12	52387768	52389043	1275	1275	2.00	73.00	35.12	35.00	44777.00
chr19	50104931	50105175	244	244	9.00	41.00	20.26	15.00	4944.00
chr19	5218430	5218543	113	113	109.00	153.00	132.21	134.00	14940.00
chr16	29898969	29899138	169	169	200.00	260.00	222.15	221.00	37543.00
chr7	99030900	99031041	141	141	8.00	24.00	15.30	15.00	2157.00
chr17	36692926	36693212	286	286	4.00	12.00	7.80	8.00	2232.00
chr15	73857770	73859335	1565	1565	2.00	22.00	8.96	8.00	14030.00
chr6	44104085	44104176	91	91	63.00	87.00	76.92	79.00	7000.00
chr1	21938518	21938602	84	84	155.00	204.00	177.93	178.00	14946.00
chr19	13423482	13423595	113	113	11.00	15.00	12.50	12.00	1413.00
chr16	70292882	70293089	207	207	292.00	481.00	373.91	379.00	77399.00
chr18	61060641	61060782	141	141	43.00	66.00	52.18	51.00	7357.00
chr16	22269814	22270016	202	202	5.00	21.00	11.54	12.00	2331.00
chr1	21554423	21554534	111	111	24.00	44.00	35.57	35.00	3948.00
chr9	140057255	140057455	200	200	0.00	698.00	471.94	581.00	94388.00
chr7	1488255	1488397	142	142	14.00	21.00	17.44	17.00	2477.00
chr14	100166351	100166438	87	87	87.00	106.00	94.36	93.00	8209.00
chr9	101065522	101065705	183	183	47.00	82.00	59.73	57.00	10930.00
chr5	68411752	68412041	289	289	9.00	21.00	14.00	14.00	4045.00
chr1	2452539	2452754	215	215	16.00	27.00	21.85	22.00	4697.00
chr1	21564626	21564737	111	111	19.00	32.00	26.95	28.00	2991.00
chr13	42037713	42039066	1353	1353	3.00	15.00	8.82	9.00	11930.00
chr2	114350236	114350443	207	207	2.00	20.00	12.64	12.00	2616.00
chr1	21939668	21939722	54	54	153.00	201.00	179.59	181.00	9698.00
chr9	139353895	139354007	112	112	18.00	27.00	22.29	22.00	2496.00
chr7	102176367	102176618	251	251	2.00	8.00	4.84	5.00	1215.00
chr3	51411753	51412018	265	265	1.00	63.00	25.63	6.00	6792.00
chr17	73888091	73888266	175	175	9.00	21.00	14.85	15.00	2599.00
chr13	103297258	103297435	177	177	1.00	37.00	18.13	24.00	3209.00
chr15	63922664	63922834	170	170	46.00	87.00	68.66	73.00	11672.00
chr3	33400774	33400849	75	75	36.00	51.00	42.41	42.00	3181.00
chr22	50671744	50671955	211	211	17.00	34.00	25.55	26.00	5392.00
chr1	21190968	21191205	237	237	96.00	149.00	118.59	114.00	28107.00
chr5	14481649	14481727	78	78	25.00	33.00	29.56	30.00	2306.00
chr15	101605556	101606410	854	854	1.00	11.00	5.80	6.00	4957.00
chr17	80040402	80040554	152	152	179.00	281.00	228.23	226.00	34691.00
chr2	132269293	132270897	1604	1604	2.00	60.00	29.60	29.00	47480.00
chr11	1778553	1778786	233	233	533.00	840.00	706.46	733.00	164606.00
chr11	1469616	1469808	192	192	6.00	12.00	9.20	9.00	1766.00
chr12	120138549	120138630	81	81	41.00	64.00	52.78	53.00	4275.00
chr7	901016	901101	85	85	53.00	79.00	69.20	70.00	5882.00
chr19	13372263	13372424	161	161	27.00	39.00	33.96	34.00	5468.00
chr17	40843154	40843311	157	157	78.00	124.00	101.64	104.00	15957.00
chr17	80039476	80039719	243	243	175.00	272.00	232.46	236.00	56487.00
chr17	16681109	16687365	6256	6256	0.00	14.00	3.92	3.00	24533.00
chr1	116935475	116935610	135	135	460.00	604.00	534.68	548.00	72182.00
chr6	128294808	128294972	164	164	22.00	57.00	39.40	37.50	6461.00
chr5	109189927	109190617	690	690	1.00	8.00	3.93	4.00	2715.00
chr15	40757533	40757634	101	101	6.00	29.00	16.97	17.00	1714.00
chr2	220164706	220164981	275	275	146.00	314.00	229.31	229.00	63059.00
chr3	164905164	164908639	3475	3475	0.00	34.00	13.28	13.00	46137.00
chr11	60699157	60699356	199	199	18.00	108.00	70.56	69.00	14041.00
chr2	96680301	96680717	416	416	2.00	10.00	5.22	5.00	2171.00
chr17	40845314	40845554	240	240	100.00	149.00	124.89	125.00	29973.00
chr12	125264513	125265391	878	878	7.00	27.00	16.31	15.00	14320.00
chr1	156623704	156624158	454	454	3.00	13.00	7.48	7.00	3394.00
chr6	108370456	108370622	166	166	24.00	50.00	36.46	36.50	6053.00
chr11	19180486	19180587	101	101	14.00	23.00	19.05	20.00	1924.00
chr19	42489069	42489338	269	269	578.00	1354.00	1001.99	1056.00	269534.00
chr2	198274493	198274731	238	238	79.00	116.00	95.76	95.00	22792.00
chr6	47220991	47221257	266	266	138.00	232.00	195.40	195.00	51977.00
chr19	40872679	40872822	143	143	670.00	1021.00	868.31	910.00	124169.00
chr19	54693278	54693627	349	349	3.00	22.00	11.93	11.00	4164.00
chr12	81929	82174	245	245	5.00	29.00	15.46	15.00	3787.00
chr21	45513943	45514114	171	171	29.00	71.00	53.89	57.00	9215.00
chr3	124201630	124201747	117	117	0.00	19.00	7.23	6.00	846.00
chr17	79805118	79805223	105	105	149.00	195.00	165.64	165.00	17392.00
chr20	46307419	46307548	129	129	43.00	57.00	48.95	49.00	6314.00
chr17	38187790	38187873	83	83	59.00	77.00	68.93	70.00	5721.00
chr2	207452814	207452878	64	64	65.00	84.00	73.81	73.00	4724.00
chr17	45695715	45695823	108	108	114.00	147.00	132.51	133.00	14311.00
chr7	44283023	44283126	103	103	131.00	170.00	148.23	146.00	15268.00
chr20	62274975	62275284	309	309	1.00	998.00	467.84	721.00	144564.00
chr11	108202605	108202764	159	159	8.00	17.00	10.58	9.00	1682.00
chr9	140051314	140051489	175	175	221.00	406.00	290.93	294.00	50912.00
chr22	45574118	45574781	663	663	13.00	45.00	24.87	24.00	16489.00
chr15	79312382	79312446	64	64	82.00	102.00	90.19	89.00	5772.00
chr1	21940120	21940199	79	79	136.00	177.00	160.99	162.00	12718.00
chr17	3775847	3775921	74	74	39.00	52.00	44.99	45.00	3329.00
chr7	73133931	73134019	88	88	0.00	24.00	7.05	4.00	620.00
chr11	72292920	72292991	71	71	22.00	30.00	26.17	26.00	1858.00
chr7	43547616	43547730	114	114	13.00	24.00	18.37	19.00	2094.00
chr16	58713760	58714145	385	385	5.00	25.00	10.50	9.00	4043.00
chr22	21083600	21083794	194	194	140.00	213.00	173.69	171.00	33695.00
chr11	66457275	66457414	139	139	111.00	171.00	133.82	133.00	18601.00
chr15	91561034	91561115	81	81	8.00	12.00	9.73	10.00	788.00
chr11	2968525	2969001	476	476	4.00	15.00	7.84	7.00	3733.00
chr19	34869838	34869910	72	72	545.00	677.00	605.26	601.50	43579.00
chr9	121970996	121971219	223	223	36.00	56.00	46.95	47.00	10469.00
chr3	47449772	47449980	208	208	5.00	49.00	30.40	38.00	6323.00
chr12	57601820	57601999	179	179	130.00	216.00	167.01	164.00	29895.00
chr16	2345590	2345741	151	151	67.00	106.00	86.95	88.00	13130.00
chr12	50471782	50471910	128	128	44.00	71.00	55.91	55.00	7157.00
chr1	109814221	109814344	123	123	147.00	185.00	165.70	166.00	20381.00
chr19	16942304	16942458	154	154	33.00	52.00	42.06	42.00	6478.00
chr11	66333301	66333398	97	97	274.00	350.00	310.12	310.00	30082.00
chr5	74026084	74026223	139	139	28.00	43.00	36.32	37.00	5049.00
chr5	68417520	68417722	202	202	10.00	21.00	16.66	17.00	3365.00
chr19	15272262	15272525	263	263	18.00	53.00	33.59	32.00	8835.00
chr3	45872404	45872482	78	78	20.00	29.00	24.28	24.00	1894.00
chr7	73123374	73123452	78	78	25.00	49.00	35.53	37.00	2771.00
chr5	14498197	14498360	163	163	36.00	54.00	46.21	47.00	7532.00
chr14	93180167	93180230	63	63	48.00	64.00	55.70	55.00	3509.00
chr9	130984739	130984875	136	136	456.00	614.00	516.76	507.00	70279.00
chr13	31216764	31216894	130	130	9.00	18.00	13.17	13.00	1712.00
chr12	112614399	112614506	107	107	47.00	99.00	84.81	88.00	9075.00
chr12	57602865	57602982	117	117	153.00	201.00	178.98	176.00	20941.00
chr14	72976861	72976987	126	126	22.00	36.00	29.54	30.00	3722.00
chr1	155209406	155209553	147	147	60.00	76.00	67.21	66.00	9880.00
chr10	49633930	49634113	183	183	25.00	43.00	34.38	34.00	6292.00
chr16	84100093	84100218	125	125	73.00	100.00	90.57	91.00	11321.00
chr1	155207924	155208097	173	173	67.00	120.00	88.90	93.00	15380.00
chr12	2786898	2787033	135	135	5.00	13.00	8.25	8.00	1114.00
chr2	233755457	233756197	740	740	0.00	54.00	8.39	2.00	6206.00
chr14	60631894	60632099	205	205	21.00	117.00	71.50	72.00	14658.00
chr1	11151549	11151654	105	105	46.00	66.00	56.81	56.00	5965.00
chr4	134076071	134076178	107	107	45.00	70.00	59.30	60.00	6345.00
chr15	91420364	91420441	77	77	22.00	33.00	28.05	29.00	2160.00
chr5	114961533	114961755	222	222	4.00	23.00	13.48	13.00	2993.00
chr16	1814047	1814211	164	164	7.00	320.00	159.70	230.50	26191.00
chr18	44250463	44252581	2118	2118	0.00	15.00	5.29	5.00	11210.00
chr6	158049380	158049518	138	138	36.00	62.00	46.49	42.50	6416.00
chr19	7675585	7675679	94	94	13.00	20.00	16.39	16.00	1541.00
chr13	99461604	99461719	115	115	19.00	131.00	110.63	117.00	12722.00
chr11	130010829	130011467	638	638	0.00	779.00	78.48	6.00	50071.00
chr11	107526658	107526792	134	134	91.00	132.00	108.54	108.00	14545.00
chr16	1391294	1391490	196	196	99.00	158.00	125.96	124.50	24689.00
chr1	38182716	38184158	1442	1442	4.00	30.00	18.83	18.00	27151.00
chr5	179231023	179231323	300	300	0.00	7.00	3.57	3.00	1072.00
chr14	69814593	69814719	126	126	61.00	77.00	68.60	68.00	8644.00
chr14	69349174	69349309	135	135	33.00	51.00	43.08	44.00	5816.00
chr19	7614792	7614998	206	206	78.00	124.00	100.11	100.00	20622.00
chr1	228270375	228270466	91	91	0.00	418.00	120.14	47.00	10933.00
chr1	38186022	38186315	293	293	1.00	18.00	9.28	11.00	2719.00
chr13	77641715	77641999	284	284	67.00	117.00	88.99	88.00	25272.00
chr14	100157417	100157498	81	81	28.00	72.00	49.01	43.00	3970.00
chr13	32978280	32979333	1053	1053	1.00	23.00	6.41	5.00	6751.00
chr12	7301567	7301794	227	227	242.00	403.00	323.44	326.00	73421.00
chr9	123583116	123583257	141	141	17.00	34.00	26.10	27.00	3680.00
chr17	26883183	26883284	101	101	41.00	54.00	47.93	48.00	4841.00
chr12	6972993	6973137	144	144	175.00	220.00	196.22	196.00	28256.00
chr20	34322310	34322637	327	327	0.00	4.00	0.84	0.00	274.00
chr19	7606407	7606570	163	163	49.00	89.00	66.22	64.00	10794.00
chr16	2333186	2333373	187	187	0.00	126.00	95.60	106.00	17877.00
chr12	113825548	113825711	163	163	90.00	127.00	104.33	103.00	17006.00
chr7	4802013	4807749	5736	5736	1.00	31.00	14.16	13.00	81240.00
chr1	43394880	43394985	105	105	259.00	319.00	288.29	291.00	30270.00
chr19	4554399	4554488	89	89	89.00	127.00	108.85	108.00	9688.00
chr16	31719139	31719372	233	233	2.00	8.00	5.09	5.00	1187.00
chr5	134060669	134061744	1075	1075	1.00	19.00	9.23	9.00	9918.00
chr1	202936318	202936371	53	53	7.00	50.00	28.74	30.00	1523.00
chr2	220087366	220087615	249	249	87.00	124.00	99.74	98.00	24835.00
chr2	36764494	36764689	195	195	20.00	44.00	30.68	31.00	5982.00
chr7	43519208	43519343	135	135	6.00	16.00	11.32	11.00	1528.00
chr10	51249585	51249993	408	408	0.00	15.00	5.51	4.00	2249.00
chr6	32123647	32123755	108	108	41.00	56.00	50.15	51.00	5416.00
chr3	118624442	118624692	250	250	1.00	29.00	13.34	5.00	3335.00
chr1	190129797	190130020	223	223	6.00	31.00	15.17	16.00	3383.00
chr9	131004491	131004624	133	133	0.00	847.00	466.14	468.00	61997.00
chr22	33679187	33679334	147	147	18.00	34.00	26.55	28.00	3903.00
chr15	74709931	74710016	85	85	78.00	91.00	85.22	86.00	7244.00
chr7	6470110	6470238	128	128	11.00	19.00	14.48	14.00	1853.00
chr1	6640600	6641359	759	759	5.00	21.00	11.54	11.00	8760.00
chr16	31510622	31510728	106	106	66.00	93.00	84.33	85.00	8939.00
chr4	103710287	103711803	1516	1516	1.00	12.00	4.12	4.00	6243.00
chr19	2862339	2862746	407	407	0.00	6.00	2.55	2.00	1039.00
chr2	15467873	15467994	121	121	18.00	26.00	21.61	21.00	2615.00
chr2	36780721	36781492	771	771	2.00	13.00	6.93	6.00	5342.00
chr10	81070680	81070941	261	261	19.00	37.00	26.05	24.00	6800.00
chr2	217234866	217235986	1120	1120	1.00	10.00	4.28	4.00	4793.00
chr10	93786348	93786508	160	160	15.00	22.00	18.06	18.00	2889.00
chr17	20268785	20269076	291	291	0.00	9.00	4.21	4.00	1225.00
chr9	131002006	131002062	56	56	10.00	580.00	333.54	376.00	18678.00
chr1	155208307	155208441	134	134	58.00	111.00	87.72	91.00	11755.00
chr2	162833877	162834373	496	496	0.00	75.00	7.48	3.00	3710.00
chr9	35799614	35799728	114	114	8.00	15.00	11.42	11.00	1302.00
chr20	62517856	62519234	1378	1378	3.00	65.00	26.08	25.00	35940.00
chr22	35942847	35943127	280	280	8.00	46.00	32.91	39.00	9216.00
chr13	26436438	26436546	108	108	7.00	20.00	11.64	11.00	1257.00
chr14	69371371	69371453	82	82	20.00	33.00	26.63	27.00	2184.00
chr7	44031274	44031581	307	307	1.00	26.00	10.03	5.00	3080.00
chr11	12274988	12275291	303	303	0.00	4.00	2.15	2.00	651.00
chr5	1334403	1334498	95	95	48.00	62.00	56.33	56.00	5351.00
chr19	34868639	34868786	147	147	565.00	738.00	617.86	617.00	90826.00
chr16	1815960	1816143	183	183	190.00	264.00	224.52	221.00	41087.00
chr10	73578787	73578868	81	81	1277.00	2134.00	1754.99	1884.00	142154.00
chr17	37420427	37420640	213	213	6.00	24.00	14.84	15.00	3160.00
chr5	60835422	60835586	164	164	16.00	31.00	21.98	22.00	3605.00
chr15	79296143	79296517	374	374	116.00	179.00	146.45	146.00	54773.00
chr19	13039568	13039661	93	93	132.00	198.00	159.43	161.00	14827.00
chr12	49421585	49421713	128	128	19.00	40.00	31.15	35.00	3987.00
chr1	1661057	1662583	1526	1526	4.00	92.00	47.26	49.00	72121.00
chr2	207457340	207457460	120	120	61.00	88.00	75.16	77.50	9019.00
chr11	64542462	64543441	979	979	2.00	17.00	6.56	5.00	6427.00
chr20	61910250	61910347	97	97	54.00	74.00	63.38	63.00	6148.00
chr11	62394042	62394156	114	114	153.00	214.00	172.17	169.50	19627.00
chr5	37301538	37301652	114	114	7.00	23.00	13.01	13.00	1483.00
chr16	4733843	4733933	90	90	37.00	65.00	56.13	58.00	5052.00
chr15	43693913	43694048	135	135	9.00	19.00	15.26	16.00	2060.00
chr11	18764538	18764622	84	84	83.00	121.00	103.75	103.00	8715.00
chr17	57842331	57842499	168	168	68.00	103.00	84.04	81.00	14118.00
chr9	96076729	96078064	1335	1335	0.00	16.00	7.74	8.00	10329.00
chr11	12246219	12246367	148	148	32.00	50.00	40.27	41.00	5960.00
chr12	7030743	7031565	822	822	3.00	1434.00	528.13	12.00	434122.00
chr3	14523178	14523349	171	171	14.00	32.00	21.23	22.00	3630.00
chr5	758508	759483	975	975	0.00	7.00	3.59	4.00	3501.00
chr12	22635490	22635677	187	187	17.00	45.00	30.77	31.00	5754.00
chr5	14479369	14479459	90	90	27.00	44.00	37.80	40.00	3402.00
chr6	143655214	143656079	865	865	0.00	9.00	3.68	4.00	3187.00
chr7	75508360	75508578	218	218	0.00	403.00	255.04	295.00	55598.00
chr11	60697981	60698131	150	150	48.00	84.00	62.58	60.50	9387.00
chr1	151400598	151400889	291	291	40.00	87.00	58.45	55.00	17008.00
chr5	172196431	172197309	878	878	33.00	457.00	167.01	67.00	146636.00
chr3	49152660	49152794	134	134	26.00	42.00	35.28	36.00	4728.00
chr7	5518281	5519950	1669	1669	3.00	28.00	13.68	14.00	22832.00
chr17	16691106	16691449	343	343	0.00	58.00	23.58	29.00	8088.00
chr2	220086993	220087172	179	179	79.00	122.00	97.85	98.00	17516.00
chr10	51746916	51748006	1090	1090	0.00	33.00	16.38	16.00	17853.00
chr12	7302118	7302289	171	171	317.00	373.00	343.83	343.00	58795.00
chr11	59562844	59562955	111	111	8.00	12.00	10.21	10.00	1133.00
chr12	6100984	6101184	200	200	82.00	107.00	95.44	97.00	19089.00
chr19	5683274	5683627	353	353	2.00	17.00	8.23	7.00	2904.00
chr12	2786259	2786387	128	128	9.00	16.00	12.48	13.00	1598.00
chr15	26812727	26812880	153	153	12.00	25.00	19.23	19.00	2942.00
chr1	149007980	149008798	818	818	0.00	21.00	6.60	4.00	5395.00
chr19	54965608	54965861	253	253	72.00	144.00	113.58	115.00	28735.00
chr8	27293259	27293310	51	51	7.00	16.00	12.63	14.00	644.00
chr15	23014437	23014528	91	91	36.00	52.00	44.92	47.00	4088.00
chr1	111717500	111717585	85	85	21.00	31.00	26.45	27.00	2248.00
chr6	150157220	150157433	213	213	67.00	107.00	90.94	91.00	19371.00
chr13	114566547	114566670	123	123	17.00	74.00	48.50	46.00	5965.00
chr16	58539291	58539605	314	314	1.00	10.00	4.98	5.00	1563.00
chr1	21936612	21936768	156	156	96.00	214.00	164.83	182.00	25714.00
chr1	17322880	17322991	111	111	147.00	247.00	191.49	195.00	21255.00
chr11	60699455	60699599	144	144	63.00	92.00	76.03	74.00	10949.00
chr5	6749669	6749770	101	101	11.00	25.00	15.82	15.00	1598.00
chr16	2156805	2156949	144	144	41.00	110.00	83.45	87.50	12017.00
chr15	34690834	34690930	96	96	34.00	116.00	87.44	93.00	8394.00
chr3	11074933	11075425	492	492	1.00	217.00	43.88	14.00	21588.00
chr5	74655222	74655381	159	159	38.00	74.00	54.57	57.00	8676.00
chr20	20022968	20023160	192	192	10.00	31.00	17.89	16.00	3434.00
chr2	39055481	39055578	97	97	7.00	17.00	12.43	12.00	1206.00
chr19	16793231	16793528	297	297	1.00	71.00	20.30	3.00	6030.00
chr2	219205450	219205509	59	59	31.00	38.00	34.51	34.00	2036.00
chr17	74087429	74087729	300	300	10.00	23.00	17.40	17.00	5221.00
chr3	184058150	184060036	1886	1886	0.00	96.00	14.84	6.00	27993.00
chr6	90333128	90333263	135	135	12.00	20.00	15.16	15.00	2047.00
chr12	125267019	125267429	410	410	6.00	51.00	20.88	13.00	8559.00
chr1	207942580	207943104	524	524	8.00	42.00	27.94	29.00	14638.00
chr4	89356876	89357043	167	167	10.00	21.00	15.10	14.00	2522.00
chr7	101995498	101995736	238	238	2.00	10.00	6.39	6.00	1521.00
chr3	11067458	11067562	104	104	188.00	237.00	207.16	205.00	21545.00
chr5	95734582	95734740	158	158	5.00	14.00	9.41	10.00	1486.00
chr6	152529106	152529341	235	235	48.00	71.00	56.82	55.00	13353.00
chr5	102295578	102295763	185	185	80.00	130.00	100.09	100.00	18517.00
chr22	21072980	21073110	130	130	162.00	314.00	219.54	211.50	28540.00
chr12	121855306	121855714	408	408	40.00	80.00	52.12	52.00	21265.00
chr1	160326389	160326544	155	155	111.00	157.00	138.41	140.00	21453.00
chr11	60670930	60671007	77	77	206.00	247.00	222.65	220.00	17144.00
chr17	79804822	79804948	126	126	154.00	222.00	189.60	188.00	23889.00
chr16	18527204	18527332	128	128	272.00	464.00	386.59	410.00	49484.00
chr16	16372518	16372646	128	128	272.00	461.00	386.59	409.50	49484.00
chr2	32750530	32750695	165	165	15.00	29.00	23.21	25.00	3829.00
chr14	69369193	69369279	86	86	26.00	34.00	28.56	28.00	2456.00
chr7	66418212	66418356	144	144	48.00	81.00	64.38	66.50	9271.00
chr6	44107988	44108097	109	109	53.00	80.00	69.36	70.00	7560.00
chr7	70885893	70886091	198	198	41.00	115.00	78.46	74.00	15535.00
chr8	27295281	27295397	116	116	9.00	19.00	13.26	13.00	1538.00
chr7	73122918	73123018	100	100	35.00	57.00	46.18	44.50	4618.00
chr15	34698874	34699071	197	197	64.00	108.00	83.37	82.00	16423.00
chr8	22009343	22009513	170	170	209.00	285.00	235.61	230.00	40053.00
chr7	1526557	1526737	180	180	26.00	38.00	31.69	32.00	5705.00
chr5	178053946	178054065	119	119	1.00	32.00	13.39	13.00	1594.00
chr12	6103027	6103369	342	342	79.00	108.00	94.63	94.00	32362.00
chr2	3479491	3480482	991	991	2.00	16.00	9.26	10.00	9173.00
chr3	33883388	33883566	178	178	59.00	88.00	75.61	76.00	13458.00
chr19	11019778	11019883	105	105	55.00	78.00	65.22	66.00	6848.00
chr7	98446205	98446318	113	113	367.00	670.00	523.91	531.00	59202.00
chr8	106813274	106813932	658	658	4.00	19.00	9.38	9.00	6171.00
chr2	223795338	223795530	192	192	71.00	135.00	94.99	94.00	18239.00
chr7	75511146	75511554	408	408	364.00	725.00	508.27	496.00	207374.00
chr21	40184926	40185038	112	112	18.00	48.00	30.32	26.00	3396.00
chr19	53383575	53385236	1661	1661	1.00	17.00	7.91	8.00	13131.00
chr19	14208130	14208295	165	165	1.00	292.00	178.83	229.00	29507.00
chr15	91461013	91461618	605	605	17.00	345.00	116.20	32.00	70302.00
chr8	145278010	145278133	123	123	16.00	28.00	21.79	22.00	2680.00
chr16	28132990	28133083	93	93	96.00	126.00	112.59	113.00	10471.00
chr11	125280091	125280221	130	130	5.00	17.00	10.06	10.00	1308.00
chr15	63128089	63128317	228	228	11.00	106.00	70.11	79.50	15984.00
chr9	131181435	131181557	122	122	8.00	320.00	270.88	277.00	33047.00
chr19	3281196	3281343	147	147	19.00	58.00	39.79	39.00	5849.00
chr11	6240200	6240280	80	80	14.00	26.00	19.15	17.00	1532.00
chr20	31019123	31019287	164	164	8.00	23.00	16.12	18.00	2644.00
chr6	46825865	46827260	1395	1395	27.00	70.00	45.13	44.00	62962.00
chr12	1672006	1672666	660	660	1.00	10.00	5.05	5.00	3335.00
chr12	9098824	9099001	177	177	56.00	91.00	73.93	76.00	13085.00
chr7	121738503	121738630	127	127	9.00	15.00	12.35	12.00	1569.00
chr19	40875814	40875935	121	121	441.00	607.00	524.64	526.00	63482.00
chr20	3581592	3581671	79	79	38.00	54.00	45.75	46.00	3614.00
chr17	7226965	7227042	77	77	40.00	52.00	46.25	47.00	3561.00
chr2	74331800	74332809	1009	1009	2.00	18.00	7.70	7.00	7773.00
chr1	209785136	209785610	474	474	0.00	28.00	17.57	19.00	8328.00
chr9	35546426	35548532	2106	2106	32.00	122.00	64.40	63.00	135621.00
chr17	80040198	80040290	92	92	181.00	226.00	208.83	212.50	19212.00
chr11	73074791	73075284	493	493	0.00	136.00	43.09	13.00	21241.00
chr20	44674976	44675075	99	99	142.00	194.00	166.75	171.00	16508.00
chr20	5892091	5892328	237	237	5.00	103.00	56.45	74.00	13378.00
chr17	20316581	20317594	1013	1013	0.00	12.00	3.71	3.00	3761.00
chr12	99478702	99478801	99	99	9.00	19.00	13.61	13.00	1347.00
chr17	40842756	40842960	204	204	106.00	153.00	127.16	123.00	25940.00
chr11	107501142	107501288	146	146	56.00	72.00	61.77	62.00	9019.00
chr11	85429236	85429532	296	296	0.00	3.00	1.54	1.50	455.00
chr20	9449217	9449319	102	102	46.00	71.00	59.70	60.00	6089.00
chr14	23371395	23371591	196	196	59.00	99.00	79.98	81.00	15676.00
chr7	716865	716957	92	92	561.00	714.00	651.80	663.50	59966.00
chr10	48862360	48862682	322	322	0.00	8.00	2.79	2.50	899.00
chr10	68686678	68688210	1532	1532	1.00	31.00	11.71	11.00	17936.00
chr5	179674854	179674926	72	72	87.00	114.00	101.26	102.00	7291.00
chr1	209773327	209773456	129	129	9.00	24.00	16.56	17.00	2136.00
chr17	45691034	45691091	57	57	114.00	141.00	125.72	125.00	7166.00
chr1	19669871	19670118	247	247	7.00	26.00	15.71	16.00	3880.00
chr17	45664025	45664710	685	685	0.00	133.00	22.27	11.00	15255.00
chr19	2337634	2338840	1206	1206	6.00	62.00	15.87	14.00	19145.00
chr8	22011480	22011552	72	72	255.00	301.00	278.01	277.00	20017.00
