#chrom	start	end	size	num_data	min	max	mean	median	sum
chr12	1940100	1940691	591	591	0.00	5.00	0.42	0.00	249.00
chr1	27480473	27481381	908	908	8.00	40.00	24.46	25.00	22207.00
chr15	63112684	63112809	125	125	47.00	79.00	61.94	63.00	7743.00
chr5	149231737	149232254	517	517	18.00	45.00	28.70	28.00	14840.00
chr5	140865429	140867182	1753	1753	35.00	131.00	75.58	74.00	132487.00
chr1	32209793	32209958	165	165	15.00	28.00	20.61	20.00	3401.00
chr16	87873307	87873431	124	124	28.00	54.00	41.99	42.00	5207.00
chr17	34157438	34158175	737	737	2.00	31.00	12.73	12.00	9382.00
chr2	127815619	127816088	469	469	7.00	26.00	18.44	19.00	8647.00
chr1	208212965	208213112	147	147	48.00	76.00	60.24	59.00	8856.00
chr22	19703883	19704666	783	783	26.00	104.00	71.68	74.00	56129.00
chr16	87872319	87872423	104	104	32.00	59.00	46.49	45.00	4835.00
chr9	140055740	140055868	128	128	337.00	440.00	389.94	394.00	49912.00
chr22	21096515	21096643	128	128	209.00	276.00	239.43	240.00	30647.00
chr9	140056321	140056540	219	219	0.00	593.00	378.02	491.00	82787.00
chr11	78379981	78380253	272	272	0.00	2.00	0.49	0.00	133.00
chr3	11070420	11070533	113	113	23.00	35.00	29.70	30.00	3356.00
chr1	109812554	109813222	668	668	7.00	121.00	60.36	87.00	40319.00
chr2	220161954	220162155	201	201	308.00	457.00	396.08	405.00	79612.00
chr15	74706887	74707086	199	199	52.00	77.00	64.20	65.00	12776.00
chr17	7318829	7319426	597	597	131.00	363.00	231.63	227.00	138285.00
chr1	21560050	21560154	104	104	2.00	5.00	3.08	3.00	320.00
chr1	25573799	25573952	153	153	11.00	266.00	165.60	186.00	25337.00
chr14	93198993	93199160	167	167	33.00	79.00	44.48	44.00	7428.00
chr1	205554003	205554119	116	116	52.00	91.00	72.70	75.00	8433.00
chr1	9795005	9795232	227	227	1240.00	1618.00	1390.24	1390.00	315584.00
chr17	42426525	42426670	145	145	50.00	93.00	72.94	74.00	10577.00
chr18	70205887	70206179	292	292	0.00	2.00	0.38	0.00	111.00
chr1	205553082	205553251	169	169	81.00	107.00	90.84	91.00	15352.00
chr9	140056623	140056766	143	143	8.00	534.00	344.79	387.00	49305.00
chr6	33412147	33412394	247	247	10.00	127.00	75.04	90.00	18534.00
chr12	89992366	89992547	181	181	4.00	176.00	126.80	145.00	22951.00
chr2	220088827	220089576	749	749	83.00	178.00	118.91	114.00	89066.00
chr14	100763073	100765222	2149	2149	1.00	32.00	9.97	10.00	21427.00
chr1	110740697	110742543	1846	1846	0.00	237.00	136.90	135.00	252712.00
chr1	149878201	149879758	1557	1557	18.00	481.00	143.53	62.00	223479.00
chr3	197264139	197265259	1120	1120	5.00	44.00	25.40	26.00	28451.00
chr8	56449623	56450530	907	907	0.00	7.00	2.58	2.00	2337.00
chr9	139354208	139354326	118	118	76.00	98.00	87.04	87.00	10271.00
chr1	32204908	32205236	328	328	42.00	97.00	67.94	67.00	22283.00
chr7	75608768	75608897	129	129	49.00	75.00	59.85	59.00	7721.00
chr19	45161029	45161178	149	149	25.00	37.00	31.03	31.00	4623.00
chr19	5243911	5244493	582	582	13.00	29.00	19.48	18.00	11337.00
chr6	32119585	32119717	132	132	10.00	381.00	206.15	232.00	27212.00
chr3	42670878	42672067	1189	1189	0.00	26.00	6.60	7.00	7845.00
chr11	45892392	45892485	93	93	127.00	153.00	139.98	140.00	13018.00
chr17	80040789	80040991	202	202	337.00	451.00	386.66	385.50	78105.00
chr2	74902875	74903036	161	161	22.00	38.00	30.09	30.00	4844.00
chr17	38335969	38337946	1977	1977	1.00	85.00	13.69	11.00	27066.00
chr16	87870103	87870253	150	150	38.00	63.00	47.09	44.00	7063.00
chr1	32205947	32206142	195	195	36.00	64.00	50.76	49.00	9898.00
chr6	44117553	44117702	149	149	27.00	228.00	157.43	196.00	23457.00
chr1	159163659	159163830	171	171	1400.00	1777.00	1610.20	1605.00	275344.00
chr3	445565	446023	458	458	0.00	1.00	0.33	0.00	152.00
chr2	25048913	25048995	82	82	104.00	133.00	121.23	123.00	9941.00
chr10	99504485	99504672	187	187	35.00	76.00	54.11	58.00	10118.00
chr4	54364807	54365010	203	203	5.00	23.00	13.53	12.00	2746.00
chr17	1634367	1634552	185	185	15.00	39.00	26.10	25.00	4828.00
chr7	72416124	72416247	123	123	101.00	123.00	111.42	111.00	13705.00
chr1	208212169	208212329	160	160	40.00	64.00	52.66	54.00	8426.00
chr9	140952500	140952702	202	202	30.00	51.00	38.81	37.00	7839.00
chr6	44197325	44197528	203	203	53.00	87.00	70.54	73.00	14320.00
chr6	44197643	44198218	575	575	36.00	86.00	62.64	65.00	36017.00
chr11	118981972	118982084	112	112	101.00	131.00	117.38	118.00	13146.00
chr5	150503846	150503952	106	106	22.00	618.00	390.42	478.00	41385.00
chr11	118981761	118981878	117	117	101.00	145.00	115.89	115.00	13559.00
chr11	126314873	126315000	127	127	41.00	54.00	47.67	47.00	6054.00
chr1	159165808	159166244	436	436	70.00	1964.00	449.23	139.00	195863.00
chr7	134893542	134893750	208	208	24.00	42.00	32.67	33.00	6795.00
chr9	121976196	121976433	237	237	98.00	199.00	137.19	133.00	32515.00
chr19	54691042	54691169	127	127	52.00	75.00	61.98	61.00	7871.00
chr22	38621430	38621600	170	170	50.00	81.00	68.33	71.00	11616.00
chr13	42035681	42036205	524	524	0.00	3.00	0.58	0.00	304.00
chr20	1915360	1915413	53	53	11.00	466.00	325.49	404.00	17251.00
chr5	14496987	14497126	139	139	141.00	216.00	183.68	183.00	25531.00
chr12	56528125	56528212	87	87	33.00	51.00	42.11	42.00	3664.00
chr3	47466974	47467101	127	127	78.00	101.00	86.59	86.00	10997.00
chr17	7415476	7415663	187	187	168.00	261.00	213.55	212.00	39934.00
chr3	33588037	33589252	1215	1215	3.00	32.00	17.06	17.00	20730.00
chr7	887833	888615	782	782	24.00	75.00	43.66	42.00	34145.00
chr10	24813251	24813693	442	442	0.00	5.00	1.41	1.00	622.00
chr1	109812045	109812213	168	168	54.00	75.00	63.66	63.50	10695.00
chr19	15276597	15276902	305	305	7.00	22.00	14.25	14.00	4347.00
chr16	2334779	2334999	220	220	129.00	220.00	171.83	168.50	37802.00
chr16	68404761	68405261	500	500	6.00	32.00	20.36	21.00	10181.00
chr4	110969111	110969871	760	760	5.00	28.00	17.99	18.00	13676.00
chr1	145693161	145693996	835	835	30.00	141.00	90.88	91.00	75884.00
chr7	44282848	44282932	84	84	1098.00	1216.00	1159.21	1159.50	97374.00
chr2	220164315	220164508	193	193	34.00	239.00	120.18	50.00	23194.00
chr12	50472203	50472360	157	157	54.00	71.00	62.06	62.00	9744.00
chr2	220163768	220163833	65	65	361.00	414.00	385.11	386.00	25032.00
chr2	222289928	222290862	934	934	22.00	61.00	37.00	37.00	34557.00
chr12	57599133	57599268	135	135	206.00	329.00	267.96	265.00	36174.00
chr7	157475416	157475629	213	213	44.00	70.00	57.24	56.00	12193.00
chr1	32203800	32203927	127	127	45.00	90.00	71.29	75.00	9054.00
chr1	109811731	109811912	181	181	41.00	60.00	50.38	51.00	9119.00
chr9	140052830	140052975	145	145	298.00	576.00	462.61	513.00	67078.00
chr2	220161706	220161854	148	148	383.00	593.00	455.34	428.00	67391.00
chr16	29896906	29897070	164	164	599.00	940.00	787.32	786.00	129121.00
chr16	47143393	47143622	229	229	26.00	46.00	36.97	38.00	8467.00
chr11	993753	993985	232	232	268.00	496.00	388.12	394.00	90045.00
chr9	124059698	124061137	1439	1439	0.00	8.00	1.37	1.00	1976.00
chr9	140350140	140350634	494	494	0.00	7.00	2.94	3.00	1453.00
chr11	14504577	14504697	120	120	62.00	81.00	72.03	72.00	8643.00
chr3	49898612	49898733	121	121	1.00	4.00	2.74	3.00	331.00
chr9	131811659	131811777	118	118	60.00	82.00	69.36	68.50	8184.00
chr9	131810705	131810818	113	113	63.00	95.00	81.55	83.00	9215.00
chr1	223400935	223401080	145	145	43.00	78.00	58.50	57.00	8482.00
chr12	125612185	125612820	635	635	6.00	57.00	16.69	12.00	10599.00
chr2	220088590	220088744	154	154	106.00	157.00	134.81	139.00	20761.00
chr9	70888487	70888750	263	263	12.00	82.00	46.79	49.00	12306.00
chr14	69813756	69813898	142	142	38.00	75.00	56.54	57.00	8029.00
chr2	47399145	47399890	745	745	12.00	334.00	88.83	76.00	66175.00
chr11	62688689	62689041	352	352	0.00	0.00	0.00	0.00	0.00
chr6	43745205	43745407	202	202	7.00	41.00	32.53	33.00	6571.00
chr3	11072492	11072997	505	505	0.00	55.00	9.84	1.00	4969.00
chr7	2696031	2696168	137	137	129.00	213.00	178.23	179.00	24417.00
chr16	14969196	14969279	83	83	387.00	640.00	538.01	557.00	44655.00
chr17	7377847	7378026	179	179	2.00	8.00	4.36	3.00	780.00
chr12	65639640	65639719	79	79	39.00	68.00	53.84	54.00	4253.00
chr12	50294912	50295108	196	196	461.00	638.00	548.50	545.50	107506.00
chr19	42485653	42485788	135	135	1009.00	1311.00	1168.65	1176.00	157768.00
chr10	99509230	99509343	113	113	66.00	115.00	83.47	83.00	9432.00
chr22	38883877	38888120	4243	4243	23.00	1046.00	245.25	176.00	1040586.00
chr12	49416372	49416658	286	286	106.00	157.00	129.40	131.00	37009.00
chr6	24843089	24843782	693	693	0.00	4.00	1.42	1.00	981.00
chr5	176295561	176295665	104	104	48.00	90.00	66.72	66.00	6939.00
chr10	99510087	99510227	140	140	75.00	119.00	97.00	98.50	13580.00
chr1	159173658	159174770	1112	1112	112.00	793.00	465.98	471.00	518174.00
chr11	1780745	1780869	124	124	483.00	831.00	663.03	665.00	82216.00
chr19	42486059	42486258	199	199	688.00	1070.00	891.85	927.00	177479.00
chr3	47465422	47465535	113	113	98.00	128.00	116.38	117.00	13151.00
chr1	21573713	21573856	143	143	0.00	7.00	3.17	3.00	453.00
chr11	65320330	65320453	123	123	104.00	145.00	121.11	119.00	14896.00
chr3	47462420	47462519	99	99	127.00	167.00	143.97	144.00	14253.00
chr2	219204751	219204864	113	113	15.00	25.00	20.73	22.00	2343.00
chr1	43906123	43906257	134	134	16.00	25.00	19.88	20.00	2664.00
chr7	38785158	38785840	682	682	6.00	57.00	14.06	11.00	9587.00
chr2	153499932	153500058	126	126	114.00	182.00	152.42	153.50	19205.00
chr1	32203011	32203132	121	121	3.00	141.00	94.33	104.00	11414.00
chr22	42290823	42290941	118	118	290.00	421.00	358.71	358.00	42328.00
chr19	47940718	47940818	100	100	554.00	801.00	651.25	637.00	65125.00
chr4	119539150	119539274	124	124	0.00	5.00	2.08	2.00	258.00
chr17	44117067	44117250	183	183	89.00	112.00	99.95	99.00	18291.00
chr19	42485873	42485983	110	110	859.00	1137.00	972.97	963.50	107027.00
chr6	44114583	44114664	81	81	65.00	86.00	74.94	74.00	6070.00
chr19	47941105	47941292	187	187	21.00	766.00	466.47	664.00	87229.00
chr11	73074250	73074500	250	250	126.00	192.00	160.69	160.00	40173.00
chr3	33418764	33418825	61	61	37.00	60.00	47.72	46.00	2911.00
chr1	700258	700505	247	247	1.00	13.00	8.52	9.00	2104.00
chr9	74319510	74319719	209	209	12.00	39.00	25.09	24.00	5243.00
chr16	2336694	2336968	274	274	60.00	177.00	128.13	139.00	35107.00
chr20	3575125	3575219	94	94	36.00	55.00	48.21	49.00	4532.00
chr9	139231377	139231529	152	152	96.00	127.00	110.78	111.00	16839.00
chr5	140515951	140516498	547	547	1.00	19.00	8.54	8.00	4671.00
chr1	21938208	21938309	101	101	252.00	293.00	273.18	274.00	27591.00
chr3	155659188	155659936	748	748	4.00	83.00	52.02	59.00	38911.00
chr16	27483068	27483241	173	173	78.00	119.00	96.21	92.00	16645.00
chr11	994071	994245	174	174	200.00	401.00	314.90	337.00	54793.00
chr7	71175745	71175913	168	168	235.00	389.00	327.25	332.50	54978.00
chr12	121204065	121204175	110	110	68.00	99.00	82.97	85.50	9127.00
chr7	73118679	73118753	74	74	486.00	609.00	551.55	549.00	40815.00
chr9	140972565	140972710	145	145	39.00	70.00	54.72	59.00	7934.00
chr12	121683329	121684024	695	695	23.00	151.00	90.27	91.00	62738.00
chr16	74493579	74493687	108	108	80.00	120.00	103.44	102.50	11171.00
chr2	36771518	36771641	123	123	6.00	18.00	11.52	10.00	1417.00
chr7	94187181	94187996	815	815	10.00	38.00	24.25	24.00	19765.00
chr14	94156951	94157239	288	288	11.00	25.00	18.58	19.00	5350.00
chr7	121739000	121739524	524	524	0.00	2.00	0.44	0.00	228.00
chr1	19549117	19549328	211	211	40.00	72.00	56.63	55.00	11949.00
chr19	5214571	5214747	176	176	136.00	257.00	187.15	177.00	32938.00
chr19	42557753	42557861	108	108	136.00	188.00	164.09	163.00	17722.00
chr15	102510686	102510925	239	239	12.00	137.00	91.38	100.00	21839.00
chr5	167673761	167675376	1615	1615	0.00	9.00	2.20	2.00	3557.00
chr7	44282158	44282253	95	95	1211.00	1435.00	1316.68	1310.00	125085.00
chr2	160621061	160621717	656	656	3.00	130.00	16.66	9.00	10927.00
chr5	10426501	10426634	133	133	66.00	89.00	78.50	78.00	10441.00
chr16	1814301	1814460	159	159	594.00	738.00	685.53	688.00	108999.00
chr11	21581734	21581928	194	194	2.00	9.00	5.19	5.00	1007.00
chr3	126749085	126749255	170	170	35.00	49.00	41.34	40.50	7027.00
chr11	12237765	12237866	101	101	468.00	722.00	602.29	589.00	60831.00
chr6	31750872	31750963	91	91	72.00	103.00	84.05	82.00	7649.00
chr3	53124201	53124398	197	197	14.00	24.00	19.78	20.00	3896.00
chr2	220161470	220161544	74	74	539.00	690.00	620.86	638.50	45944.00
chr2	128951046	128951785	739	739	13.00	60.00	34.14	32.00	25232.00
chr5	24535811	24535931	120	120	44.00	57.00	50.58	51.00	6070.00
chr1	44083406	44083582	176	176	28.00	43.00	34.49	34.00	6070.00
chr1	32207653	32207818	165	165	23.00	41.00	30.07	30.00	4962.00
chr12	7293754	7294000	246	246	11.00	760.00	470.30	682.50	115693.00
chr3	131442289	131442469	180	180	0.00	0.00	0.00	0.00	0.00
chr3	49898871	49899298	427	427	1.00	9.00	3.00	3.00	1282.00
chr16	66432358	66432464	106	106	5.00	8.00	6.34	6.00	672.00
chr1	20982593	20982680	87	87	150.00	277.00	196.45	178.00	17091.00
chr16	68398653	68398809	156	156	13.00	28.00	21.12	21.00	3294.00
chr17	16676818	16678279	1461	1461	0.00	34.00	10.90	9.00	15926.00
chr1	109814899	109815027	128	128	81.00	109.00	96.26	98.00	12321.00
chr1	21940478	21940582	104	104	267.00	307.00	289.26	289.50	30083.00
chr20	57468284	57468793	509	509	3.00	29.00	11.60	10.00	5903.00
chr3	127358087	127358366	279	279	178.00	534.00	366.24	358.00	102181.00
chr3	126735359	126735527	168	168	13.00	23.00	19.38	19.00	3256.00
chr10	103869140	103869264	124	124	132.00	205.00	161.21	154.00	19990.00
chr20	44520554	44520666	112	112	86.00	126.00	104.12	100.50	11661.00
chr1	32203252	32203356	104	104	40.00	78.00	61.61	62.00	6407.00
chr21	40186196	40186316	120	120	12.00	20.00	15.56	16.00	1867.00
chr5	111067153	111068349	1196	1196	59.00	305.00	169.31	144.00	202494.00
chr9	128002954	128003186	232	232	155.00	304.00	227.76	234.50	52841.00
chr1	43408896	43408992	96	96	46.00	74.00	58.95	59.00	5659.00
chr3	47463931	47464026	95	95	124.00	151.00	137.20	137.00	13034.00
chr2	220161160	220161238	78	78	537.00	677.00	600.87	573.00	46868.00
chr11	62472772	62473089	317	317	711.00	1309.00	979.38	1030.00	310463.00
chr9	130986341	130986906	565	565	8.00	941.00	211.39	19.00	119437.00
chr14	69358769	69359000	231	231	20.00	36.00	27.49	28.00	6350.00
chr11	64416205	64416379	174	174	330.00	486.00	406.17	411.00	70673.00
chr17	8398454	8398559	105	105	79.00	104.00	92.33	92.00	9695.00
chr12	53572943	53574193	1250	1250	6.00	34.00	20.26	20.00	25331.00
chr17	17696544	17701827	5283	5283	6.00	100.00	38.70	33.00	204428.00
chr8	11705187	11705331	144	144	357.00	527.00	430.02	434.00	61923.00
chr19	54963829	54963931	102	102	360.00	515.00	429.31	421.00	43790.00
chr2	70451682	70456295	4613	4613	0.00	127.00	12.99	8.00	59905.00
chr11	118873959	118874169	210	210	0.00	2.00	0.81	1.00	171.00
chr10	75548427	75548581	154	154	34.00	54.00	43.07	43.00	6633.00
chr6	33414351	33414563	212	212	79.00	178.00	145.08	152.50	30758.00
chr17	80042910	80043032	122	122	178.00	248.00	212.90	218.00	25974.00
chr11	11470290	11470483	193	193	30.00	64.00	49.08	49.00	9472.00
chr8	23294446	23294771	325	325	37.00	55.00	45.56	45.00	14807.00
chr1	116932060	116932663	603	603	11.00	2315.00	832.79	46.00	502175.00
chr15	83222627	83222741	114	114	32.00	63.00	49.04	50.00	5590.00
chr3	9841562	9841751	189	189	7.00	18.00	12.25	13.00	2316.00
chr1	116937731	116937907	176	176	2188.00	3519.00	2604.19	2519.00	458337.00
chr16	87868019	87868197	178	178	35.00	58.00	44.26	42.00	7878.00
chr3	124209540	124209731	191	191	0.00	3.00	1.60	2.00	305.00
chr7	71142195	71142291	96	96	262.00	333.00	292.52	293.50	28082.00
chr5	130497324	130497584	260	260	7.00	22.00	14.10	15.00	3667.00
chr13	100199238	100199358	120	120	139.00	172.00	157.31	158.00	18877.00
chr5	139943336	139943506	170	170	28.00	152.00	128.05	138.00	21769.00
chr17	74395529	74396002	473	473	32.00	78.00	56.10	56.00	26534.00
chr14	93179149	93179216	67	67	59.00	98.00	76.81	78.00	5146.00
chr4	160277004	160277310	306	306	18.00	74.00	44.32	43.00	13561.00
chr17	40666306	40666478	172	172	547.00	805.00	649.73	632.50	111754.00
chr15	34828065	34828207	142	142	34.00	387.00	298.49	330.00	42385.00
chr14	100165802	100165876	74	74	16.00	28.00	21.82	22.50	1615.00
chr22	20128089	20128231	142	142	15.00	58.00	40.01	49.00	5681.00
chr12	3392210	3394421	2211	2211	90.00	1347.00	568.44	584.00	1256824.00
chr17	16687866	16690667	2801	2801	0.00	257.00	35.82	25.00	100327.00
chr6	31664724	31664810	86	86	160.00	231.00	201.41	204.00	17321.00
chr6	30627512	30627611	99	99	83.00	116.00	97.91	98.00	9693.00
chr11	18752834	18755060	2226	2226	0.00	10.00	0.92	0.00	2045.00
chr12	109332602	109332731	129	129	168.00	218.00	190.02	189.00	24512.00
chr6	90072884	90073110	226	226	26.00	48.00	37.19	37.00	8405.00
chr16	2689371	2689711	340	340	2.00	11.00	6.15	5.00	2090.00
chr1	20987373	20987484	111	111	107.00	156.00	136.25	138.00	15124.00
chr14	85985300	85986667	1367	1367	0.00	2.00	0.11	0.00	152.00
chr13	32863769	32863880	111	111	73.00	171.00	131.41	141.00	14587.00
chr16	1510418	1510528	110	110	47.00	79.00	61.15	60.00	6727.00
chr19	54963269	54963444	175	175	366.00	510.00	432.99	434.00	75774.00
chr6	44224078	44224233	155	155	35.00	48.00	41.86	42.00	6488.00
chr20	3151172	3152285	1113	1113	20.00	60.00	35.90	35.00	39954.00
chr1	892273	892405	132	132	111.00	226.00	151.82	154.00	20040.00
chr16	90192167	90192724	557	557	2.00	19.00	10.09	10.00	5622.00
chr9	111663704	111663810	106	106	98.00	132.00	115.45	114.50	12238.00
chr6	44108764	44108835	71	71	71.00	97.00	82.11	82.00	5830.00
chr1	36028802	36029027	225	225	619.00	1044.00	845.19	853.00	190168.00
chr11	66807259	66807674	415	415	26.00	266.00	212.59	226.00	88223.00
chr1	178426817	178427679	862	862	0.00	7.00	3.61	4.00	3110.00
chr19	42482302	42482478	176	176	1007.00	1356.00	1144.87	1125.00	201497.00
chr1	44084718	44084873	155	155	19.00	45.00	32.14	30.00	4982.00
chr1	109812315	109812442	127	127	72.00	99.00	83.58	83.00	10615.00
chr3	180324268	180324391	123	123	15.00	42.00	33.37	35.00	4104.00
chr15	63933668	63933842	174	174	78.00	128.00	106.45	109.00	18522.00
chr20	44521363	44521519	156	156	109.00	188.00	137.47	126.00	21446.00
chr3	33416779	33416910	131	131	22.00	41.00	32.53	32.00	4262.00
chr1	21934624	21934843	219	219	6.00	258.00	151.89	225.00	33264.00
chr14	69799801	69799886	85	85	45.00	70.00	57.94	56.00	4925.00
chr1	116936134	116936345	211	211	8.00	2609.00	2126.40	2269.00	448671.00
chr14	23634493	23634645	152	152	14.00	22.00	17.34	17.00	2635.00
chr16	1402538	1402947	409	409	2.00	9.00	5.67	6.00	2319.00
chr9	20331	25000	4669	4669	0.00	441.00	60.12	52.00	280692.00
chr17	43545574	43545959	385	385	10.00	30.00	17.36	16.00	6682.00
chr13	100201418	100201476	58	58	133.00	157.00	146.29	146.00	8485.00
chr15	41865505	41865665	160	160	174.00	246.00	212.28	213.50	33965.00
chr19	19641688	19642196	508	508	37.00	142.00	84.50	83.00	42926.00
chr11	134147593	134148159	566	566	2.00	23.00	10.50	7.00	5945.00
chr2	71656420	71657290	870	870	4.00	27.00	16.52	17.00	14376.00
chr7	97834775	97835016	241	241	9.00	31.00	21.41	24.00	5161.00
chr19	13363804	13363915	111	111	450.00	551.00	494.46	490.00	54885.00
chr18	31328383	31329011	628	628	0.00	2.00	0.42	0.00	265.00
chr16	66431884	66432009	125	125	3.00	7.00	5.13	5.00	641.00
chr19	47935155	47935702	547	547	26.00	1153.00	478.03	528.00	261481.00
chr12	50291769	50291873	104	104	489.00	684.00	597.83	592.00	62174.00
chr11	1780198	1780317	119	119	474.00	763.00	581.96	554.00	69253.00
chr15	65392626	65393167	541	541	12.00	37.00	25.91	27.00	14019.00
chr2	86397871	86397967	96	96	56.00	103.00	84.36	87.00	8099.00
chr7	97866087	97866233	146	146	33.00	54.00	44.05	45.00	6431.00
chr11	60687157	60687402	245	245	127.00	196.00	163.00	164.00	39935.00
chr21	43307700	43309453	1753	1753	0.00	6.00	1.13	1.00	1976.00
chr14	24619269	24619657	388	388	27.00	73.00	45.36	46.00	17601.00
chr11	65320634	65320727	93	93	53.00	119.00	86.08	89.00	8005.00
chr16	29891184	29891385	201	201	732.00	1003.00	879.44	890.00	176768.00
chr1	32207224	32207326	102	102	40.00	64.00	54.35	56.00	5544.00
chr11	72300218	72300394	176	176	0.00	2.00	0.56	0.00	98.00
chr17	7608878	7609038	160	160	0.00	2.00	0.99	1.00	158.00
chr19	7607646	7607814	168	168	36.00	56.00	44.72	44.00	7513.00
chr19	54966129	54966271	142	142	390.00	545.00	490.12	503.00	69597.00
chr12	57995027	57995131	104	104	45.00	67.00	57.49	56.00	5979.00
chr1	27428875	27429049	174	174	25.00	56.00	35.75	35.00	6221.00
chr2	27688277	27688385	108	108	27.00	40.00	33.18	33.00	3583.00
chr16	2691449	2692254	805	805	2.00	27.00	12.27	12.00	9874.00
chr9	131503813	131503933	120	120	142.00	206.00	174.47	182.00	20936.00
chr16	2347766	2347922	156	156	87.00	108.00	96.97	97.00	15128.00
chr17	80039884	80040036	152	152	312.00	423.00	370.01	372.00	56242.00
chr1	32204432	32204538	106	106	61.00	98.00	81.94	87.00	8686.00
chr12	9242951	9243078	127	127	60.00	86.00	75.11	77.00	9539.00
chr3	49702661	49702751	90	90	71.00	105.00	89.09	88.00	8018.00
chr19	35820359	35820837	478	478	0.00	3.00	0.94	1.00	451.00
chr1	201456762	201457615	853	853	0.00	4.00	1.03	1.00	880.00
chr16	2334279	2334438	159	159	129.00	179.00	158.72	159.00	25236.00
chr10	73578373	73578481	108	108	2616.00	3481.00	3017.56	3026.00	325897.00
chr16	18530550	18530756	206	206	9.00	508.00	227.01	295.00	46765.00
chr16	16369094	16369300	206	206	9.00	507.00	225.20	293.50	46392.00
chr13	113975636	113975785	149	149	35.00	316.00	153.99	44.00	22945.00
chr11	119293822	119294227	405	405	0.00	340.00	31.49	0.00	12755.00
chr5	150505962	150506041	79	79	345.00	420.00	383.99	387.00	30335.00
chr22	44224939	44225078	139	139	261.00	378.00	303.05	294.00	42124.00
chr15	41865199	41865309	110	110	199.00	277.00	245.46	251.50	27001.00
chr17	25633807	25636298	2491	2491	9.00	347.00	66.95	44.00	166770.00
chr15	72495155	72495529	374	374	46.00	2707.00	1015.55	83.50	379815.00
chr9	42540272	42542124	1852	1852	0.00	5.00	1.33	1.00	2466.00
chr11	119290760	119291704	944	944	5.00	607.00	216.48	20.00	204361.00
chr19	5219949	5220165	216	216	115.00	179.00	148.00	151.00	31968.00
chr15	63910769	63911153	384	384	0.00	29.00	11.24	8.00	4316.00
chr17	74393879	74393969	90	90	64.00	81.00	73.08	72.50	6577.00
chr10	104129467	104129532	65	65	82.00	104.00	93.63	93.00	6086.00
chr3	142454224	142454620	396	396	2.00	8.00	3.79	3.00	1499.00
chr12	121205196	121205396	200	200	64.00	99.00	76.51	76.00	15302.00
chr3	31705570	31705724	154	154	0.00	11.00	4.39	3.00	676.00
chr6	118635190	118636593	1403	1403	0.00	4.00	1.03	1.00	1449.00
chr8	10339867	10340829	962	962	10.00	167.00	104.36	107.50	100398.00
chr19	16952578	16952779	201	201	41.00	62.00	51.47	51.00	10346.00
chr8	110984486	110985016	530	530	0.00	0.00	0.00	0.00	0.00
chr9	128001219	128001610	391	391	257.00	512.00	392.34	400.00	153403.00
chr11	73070878	73070997	119	119	121.00	163.00	144.82	147.00	17233.00
chr10	104130140	104130235	95	95	91.00	113.00	101.77	102.00	9668.00
chr5	95733039	95733173	134	134	0.00	1.00	0.92	1.00	123.00
chr19	59059400	59059547	147	147	475.00	640.00	566.10	568.00	83217.00
chr5	139943169	139943255	86	86	53.00	165.00	139.56	147.50	12002.00
chr17	73487771	73487981	210	210	54.00	117.00	92.97	98.50	19524.00
chr1	154315588	154315777	189	189	45.00	64.00	53.80	54.00	10169.00
chr14	95652726	95653070	344	344	0.00	1.00	0.44	0.00	152.00
chr12	123639801	123640772	971	971	7.00	49.00	23.79	25.00	23100.00
chr22	47064870	47065171	301	301	3.00	10.00	6.29	6.00	1893.00
chr5	24535220	24535388	168	168	36.00	55.00	44.05	44.00	7401.00
chr12	6806452	6806958	506	506	99.00	251.00	170.28	184.00	86164.00
chr22	29881711	29881836	125	125	13.00	31.00	17.91	17.00	2239.00
chr7	75894681	75894786	105	105	127.00	186.00	150.18	147.00	15769.00
chr12	121089007	121095893	6886	6886	0.00	61.00	12.98	8.00	89354.00
chr1	207940357	207942365	2008	2008	1.00	38.00	9.93	8.00	19934.00
chr7	154681166	154681240	74	74	270.00	339.00	293.16	289.50	21694.00
chr5	131696513	131697529	1016	1016	4.00	28.00	14.78	13.00	15012.00
chr11	1776135	1776258	123	123	345.00	749.00	563.35	534.00	69292.00
chr8	11706554	11706673	119	119	237.00	319.00	277.24	280.00	32991.00
chr11	18759426	18759511	85	85	2.00	9.00	5.47	6.00	465.00
chr16	61689373	61689625	252	252	0.00	1.00	0.05	0.00	12.00
chr15	51750702	51750824	122	122	70.00	94.00	81.51	80.50	9944.00
chr9	35555056	35555698	642	642	130.00	291.00	205.30	202.00	131804.00
chr2	198356200	198356621	421	421	3.00	17.00	7.78	7.00	3277.00
chr9	131001723	131001794	71	71	1627.00	2182.00	1931.37	1932.00	137127.00
chr19	5214371	5214491	120	120	178.00	263.00	236.30	241.00	28356.00
chr22	35719488	35719623	135	135	96.00	133.00	109.80	108.00	14823.00
chr12	121678738	121679829	1091	1091	98.00	225.00	155.48	153.00	169629.00
chr14	23820960	23821064	104	104	1120.00	1347.00	1207.08	1202.50	125536.00
chr1	32205710	32205779	69	69	46.00	63.00	52.57	52.00	3627.00
chr3	33420176	33420326	150	150	0.00	56.00	19.11	1.00	2866.00
chr9	114820707	114820966	259	259	0.00	5.00	2.51	2.00	651.00
chr15	41865876	41866023	147	147	13.00	349.00	286.61	308.00	42131.00
chr19	55554308	55554637	329	329	1.00	8.00	4.55	5.00	1498.00
chr1	116933403	116933513	110	110	1991.00	2500.00	2261.01	2264.00	248711.00
chr19	15374230	15374359	129	129	59.00	79.00	68.36	68.00	8818.00
chr12	56090682	56090852	170	170	24.00	42.00	34.77	34.00	5911.00
chr14	69445668	69445876	208	208	4.00	28.00	13.77	14.00	2865.00
chr12	57603474	57603651	177	177	496.00	626.00	570.80	571.00	101032.00
chr22	32897492	32898946	1454	1454	1.00	26.00	7.50	7.00	10905.00
chr16	16367702	16367764	62	62	2.00	360.00	189.48	205.50	11748.00
chr19	5245786	5246056	270	270	11.00	30.00	19.83	21.00	5353.00
chr16	74345440	74345829	389	389	5.00	23.00	13.20	12.00	5136.00
chr6	107096899	107097076	177	177	14.00	33.00	25.38	28.00	4493.00
chr1	29641883	29642019	136	136	13.00	34.00	23.10	20.00	3141.00
chr8	97342440	97342509	69	69	118.00	141.00	127.74	127.00	8814.00
chr8	68116914	68117054	140	140	31.00	75.00	58.44	64.50	8182.00
chr22	22037470	22037546	76	76	26.00	38.00	31.57	30.00	2399.00
chr22	50682147	50683420	1273	1273	14.00	187.00	96.04	89.00	122253.00
chr20	44048971	44049069	98	98	80.00	104.00	92.36	93.00	9051.00
chr1	36904356	36904511	155	155	7.00	25.00	15.19	13.00	2354.00
chr12	71054719	71054877	158	158	66.00	93.00	81.20	82.00	12830.00
chr15	50654364	50655515	1151	1151	3.00	17.00	9.10	9.00	10470.00
chr2	234198499	234198620	121	121	91.00	180.00	146.74	150.00	17755.00
chr9	128001699	128001812	113	113	260.00	323.00	287.69	291.00	32509.00
chr8	38272296	38272419	123	123	338.00	472.00	420.29	436.00	51696.00
chr11	73068069	73068179	110	110	99.00	148.00	128.07	134.00	14088.00
chr16	28123137	28123327	190	190	82.00	177.00	130.74	122.00	24841.00
chr12	49424062	49424222	160	160	15.00	57.00	31.02	28.00	4963.00
chr19	50302885	50303023	138	138	189.00	422.00	297.89	313.50	41109.00
chr19	42480567	42480718	151	151	1917.00	2477.00	2173.17	2173.00	328148.00
chr3	197904395	197905301	906	906	1.00	30.00	13.56	13.00	12281.00
chr13	100189992	100190117	125	125	78.00	102.00	90.88	91.00	11360.00
chr19	14268062	14268272	210	210	140.00	255.00	214.26	221.00	44995.00
chr10	93786886	93787057	171	171	46.00	78.00	61.03	62.00	10436.00
chr1	109808726	109808828	102	102	27.00	45.00	38.04	39.00	3880.00
chr4	134075461	134075520	59	59	2.00	4.00	3.36	4.00	198.00
chr1	22052268	22053864	1596	1596	16.00	109.00	60.28	60.00	96202.00
chr9	140056855	140056968	113	113	399.00	546.00	458.44	453.00	51804.00
chr19	42482087	42482224	137	137	1323.00	2059.00	1636.00	1633.00	224132.00
chr19	4556962	4557025	63	63	135.00	171.00	147.89	145.00	9317.00
chr19	14266921	14267013	92	92	169.00	254.00	212.71	212.50	19569.00
chr22	42273851	42274127	276	276	12.00	337.00	181.00	227.50	49956.00
chr1	205549788	205550049	261	261	57.00	105.00	81.89	82.00	21372.00
chr1	110765585	110766522	937	937	19.00	83.00	47.55	44.00	44558.00
chr19	55553595	55554158	563	563	3.00	14.00	9.76	10.00	5495.00
chr7	150929881	150931360	1479	1479	3.00	43.00	14.76	13.00	21826.00
chr3	124215157	124215260	103	103	0.00	1.00	0.62	1.00	64.00
chr16	58220658	58220760	102	102	14.00	26.00	22.06	22.00	2250.00
chr3	10381925	10382033	108	108	174.00	260.00	210.92	211.50	22779.00
chr10	11356101	11356221	120	120	9.00	14.00	11.25	11.00	1350.00
chr22	42294652	42294785	133	133	484.00	655.00	573.44	577.00	76267.00
chr1	2005531	2005714	183	183	6.00	35.00	20.77	20.00	3800.00
chr12	113722522	113722576	54	54	87.00	110.00	100.87	103.00	5447.00
chr9	131502198	131502398	200	200	2.00	212.00	147.56	150.50	29511.00
chr19	40873602	40873786	184	184	519.00	845.00	639.48	609.50	117664.00
chr2	220162606	220162825	219	219	149.00	357.00	249.26	245.00	54588.00
chr16	28270027	28270355	328	328	3.00	32.00	22.07	23.00	7239.00
chr4	3225718	3225858	140	140	55.00	86.00	69.19	69.00	9686.00
chr17	44127898	44128070	172	172	84.00	106.00	95.08	95.00	16353.00
chr3	47462043	47462262	219	219	79.00	140.00	103.21	103.00	22603.00
chr6	99873090	99873182	92	92	5.00	194.00	80.67	69.00	7422.00
chr7	142561723	142562504	781	781	22.00	55.00	36.46	36.00	28475.00
chr1	159169540	159169666	126	126	2257.00	2913.00	2654.02	2719.50	334407.00
chr19	7606869	7606953	84	84	31.00	41.00	36.26	36.00	3046.00
chr16	2811561	2818298	6737	6737	15.00	1516.00	548.69	453.00	3696555.00
chr3	47450652	47450807	155	155	51.00	100.00	78.19	82.00	12120.00
chr11	118403631	118403922	291	291	156.00	256.00	197.58	192.00	57495.00
chr1	205555161	205555335	174	174	57.00	115.00	80.49	79.00	14006.00
chr12	125603186	125603311	125	125	16.00	25.00	19.90	20.00	2487.00
chr11	86658288	86659498	1210	1210	0.00	13.00	4.98	5.00	6020.00
chr22	37764946	37768745	3799	3799	0.00	13.00	1.88	1.00	7144.00
chr10	46345664	46346215	551	551	13.00	53.00	29.40	27.00	16199.00
chr22	33673045	33673241	196	196	7.00	28.00	17.48	16.00	3427.00
chr9	140042599	140042666	67	67	6.00	196.00	165.06	171.00	11059.00
chr3	48717233	48717320	87	87	78.00	123.00	104.90	110.00	9126.00
chr11	60681600	60681740	140	140	2.00	127.00	45.06	33.00	6308.00
chr10	93784512	93784724	212	212	35.00	73.00	54.93	56.00	11646.00
chr12	7289424	7290372	948	948	39.00	508.00	170.81	73.00	161927.00
chr3	132387062	132387526	464	464	5.00	28.00	13.40	11.00	6218.00
chr16	2335442	2335647	205	205	124.00	181.00	158.96	163.00	32586.00
chr16	1794782	1797276	2494	2494	11.00	429.00	123.53	109.00	308085.00
chr16	3786036	3786204	168	168	62.00	96.00	78.40	77.50	13171.00
chr9	141131209	141131766	557	557	2.00	23.00	10.01	9.00	5577.00
chr14	92965028	92966015	987	987	0.00	4.00	0.68	0.00	674.00
chr19	54692070	54692200	130	130	28.00	70.00	42.28	34.50	5496.00
chr15	43866006	43866230	224	224	186.00	264.00	228.54	230.00	51194.00
chr3	40231316	40231954	638	638	12.00	42.00	26.62	27.00	16983.00
chr3	50148937	50149455	518	518	16.00	44.00	32.96	34.00	17074.00
chr4	81117505	81117755	250	250	0.00	2.00	0.70	1.00	176.00
chr10	46740404	46740638	234	234	1.00	70.00	25.61	8.00	5993.00
chr3	124210169	124210271	102	102	1.00	2.00	1.16	1.00	118.00
chr11	107488830	107488932	102	102	16.00	28.00	21.69	21.00	2212.00
chr9	130591965	130592106	141	141	15.00	27.00	21.43	22.00	3022.00
chr1	20981932	20982027	95	95	191.00	268.00	213.82	208.00	20313.00
chr12	75875613	75875859	246	246	0.00	2.00	1.09	1.00	269.00
chr22	32046684	32046764	80	80	36.00	51.00	41.67	42.00	3334.00
chr11	70331418	70331658	240	240	0.00	3.00	1.24	1.00	298.00
chr14	51079976	51080069	93	93	70.00	99.00	84.40	85.00	7849.00
chr17	80041077	80041301	224	224	237.00	510.00	357.40	322.50	80057.00
chr7	158540884	158540971	87	87	41.00	62.00	53.26	54.00	4634.00
chr1	21553651	21553719	68	68	6.00	9.00	7.41	7.00	504.00
chr2	219206256	219206349	93	93	21.00	38.00	27.28	26.00	2537.00
chr17	18444211	18445242	1031	1031	4.00	35.00	16.15	15.00	16652.00
chr12	57599340	57599460	120	120	292.00	379.00	350.14	356.00	42017.00
chr11	64417919	64418110	191	191	317.00	384.00	349.84	350.00	66820.00
chr19	3274926	3275650	724	724	11.00	44.00	27.89	28.00	20192.00
chr16	18532086	18532305	219	219	202.00	600.00	430.28	451.00	94232.00
chr17	3776702	3776756	54	54	194.00	243.00	216.11	212.50	11670.00
chr1	116932670	116933033	363	363	11.00	2200.00	1130.47	1945.00	410362.00
chr16	1505731	1505796	65	65	89.00	107.00	97.29	96.00	6324.00
chr1	9794029	9794200	171	171	1338.00	1846.00	1588.56	1570.00	271643.00
chr10	73579221	73579379	158	158	2085.00	2607.00	2350.97	2354.00	371453.00
chr11	6411684	6412146	462	462	14.00	136.00	60.54	53.00	27970.00
chr1	159163212	159163350	138	138	1158.00	1566.00	1367.86	1371.50	188765.00
chr16	1816723	1816804	81	81	700.00	871.00	792.67	794.00	64206.00
chr7	91722399	91722630	231	231	14.00	118.00	86.01	87.00	19869.00
chr7	44281816	44281939	123	123	1267.00	1703.00	1495.38	1513.00	183932.00
chr2	220467189	220467297	108	108	34.00	55.00	44.49	43.00	4805.00
chr16	4494664	4494729	65	65	107.00	129.00	117.62	117.00	7645.00
chr15	34681844	34681986	142	142	34.00	386.00	301.37	334.00	42794.00
chr9	139995935	139996124	189	189	64.00	99.00	76.70	77.00	14497.00
chr3	180324040	180324160	120	120	21.00	44.00	35.23	36.50	4227.00
chr3	42678359	42681242	2883	2883	37.00	224.00	100.58	84.00	289975.00
chr7	131812776	131815333	2557	2557	0.00	13.00	5.16	5.00	13204.00
chr20	1585387	1585522	135	135	13.00	174.00	118.93	144.00	16055.00
chr3	126751229	126751442	213	213	26.00	52.00	38.45	38.00	8190.00
chr15	63920875	63921014	139	139	122.00	221.00	178.17	187.00	24765.00
chr16	2040128	2040202	74	74	13.00	67.00	39.93	33.00	2955.00
chr9	74324174	74324390	216	216	25.00	41.00	33.15	33.00	7160.00
chr20	44521858	44521950	92	92	168.00	193.00	181.37	181.00	16686.00
chr9	139911647	139911798	151	151	100.00	133.00	119.92	121.00	18108.00
chr9	140055507	140055649	142	142	373.00	582.00	496.76	519.50	70540.00
chr12	120148055	120148191	136	136	33.00	53.00	44.15	43.00	6004.00
chr12	50474280	50474372	92	92	75.00	123.00	93.51	93.00	8603.00
chr15	63125702	63125828	126	126	60.00	87.00	73.48	74.00	9259.00
chr9	20907148	20907241	93	93	30.00	55.00	41.29	40.00	3840.00
chr16	87874655	87874761	106	106	28.00	43.00	35.03	36.00	3713.00
chr2	162833269	162833460	191	191	2.00	79.00	42.87	64.00	8189.00
chr8	11704560	11704677	117	117	257.00	394.00	329.24	334.00	38521.00
chr15	63926931	63927087	156	156	116.00	177.00	145.27	142.00	22662.00
chr6	31668718	31668805	87	87	183.00	223.00	201.37	202.00	17519.00
chr7	148910792	148910906	114	114	21.00	62.00	45.66	48.00	5205.00
chr14	42355808	42357213	1405	1405	0.00	5.00	1.63	1.00	2288.00
chr10	88678928	88679226	298	298	6.00	20.00	12.47	11.00	3715.00
chr3	140998219	140998346	127	127	9.00	16.00	11.50	11.00	1460.00
chr1	144859758	144859998	240	240	198.00	428.00	257.45	237.50	61787.00
chr9	96054772	96055455	683	683	54.00	188.00	105.96	107.00	72372.00
chr19	7604803	7604944	141	141	27.00	48.00	38.91	39.00	5487.00
chr12	30906277	30907432	1155	1155	11.00	96.00	47.95	44.00	55379.00
chr9	131112762	131112854	92	92	54.00	80.00	64.77	64.00	5959.00
chr20	61981328	61982379	1051	1051	4.00	24.00	12.09	12.00	12705.00
chr7	38431348	38431618	270	270	233.00	370.00	284.01	279.50	76684.00
chr20	44521036	44521123	87	87	100.00	130.00	121.08	124.00	10534.00
chr11	64418726	64419108	382	382	234.00	375.00	310.29	312.00	118531.00
chr12	120148344	120150270	1926	1926	1.00	35.00	11.89	10.00	22901.00
chr12	6930971	6931066	95	95	2.00	298.00	137.21	110.00	13035.00
chr16	2339434	2339621	187	187	74.00	133.00	101.70	109.00	19017.00
chr2	27700083	27700187	104	104	19.00	38.00	29.80	31.00	3099.00
chr14	69805367	69805494	127	127	45.00	62.00	55.99	58.00	7111.00
chr12	9242497	9242619	122	122	65.00	90.00	78.02	76.00	9518.00
chr3	58256658	58256791	133	133	50.00	77.00	60.91	59.00	8101.00
chr10	79744927	79745098	171	171	43.00	65.00	54.10	54.00	9251.00
chr1	159161725	159161866	141	141	709.00	1247.00	1066.69	1172.00	150403.00
chr16	31085202	31085519	317	317	2.00	18.00	11.81	13.00	3744.00
chr1	171755018	171755218	200	200	30.00	65.00	47.87	50.00	9574.00
chr9	130988124	130989280	1156	1156	2.00	405.00	56.53	17.50	65347.00
chr15	63127935	63127998	63	63	52.00	89.00	72.29	75.00	4554.00
chr19	1917676	1917821	145	145	23.00	94.00	69.46	73.00	10072.00
chr22	25315792	25315960	168	168	74.00	102.00	86.70	86.00	14566.00
chr2	207943790	207945085	1295	1295	7.00	54.00	31.90	31.00	41312.00
chr11	47330706	47330952	246	246	30.00	801.00	341.75	40.00	84070.00
chr3	142743978	142746095	2117	2117	0.00	77.00	13.92	10.00	29473.00
chr7	44839492	44839694	202	202	11.00	23.00	16.17	16.00	3266.00
chr22	31688260	31688471	211	211	1.00	99.00	60.50	70.00	12766.00
chr11	66333492	66333638	146	146	804.00	1025.00	908.45	929.50	132634.00
chr9	131114916	131115026	110	110	66.00	101.00	85.76	87.00	9434.00
chr1	20206	21013	807	807	4.00	186.00	113.37	122.00	91492.00
chr11	108216469	108216635	166	166	21.00	38.00	30.67	30.50	5092.00
chr1	209778880	209779019	139	139	3.00	7.00	4.40	4.00	611.00
chr1	202935876	202936026	150	150	44.00	69.00	57.87	58.00	8681.00
chr12	57600255	57600524	269	269	349.00	622.00	505.84	525.00	136071.00
chr19	15233503	15233615	112	112	53.00	76.00	60.98	58.50	6830.00
chr8	68115317	68115486	169	169	56.00	77.00	67.20	68.00	11356.00
chr19	13419229	13419342	113	113	143.00	222.00	191.50	194.00	21640.00
chr6	33266815	33267130	315	315	5.00	46.00	31.38	33.00	9886.00
chr16	89780611	89781646	1035	1035	1.00	12.00	6.16	6.00	6371.00
chr12	109964162	109964221	59	59	35.00	48.00	41.51	40.00	2449.00
chr22	24491893	24492045	152	152	29.00	51.00	40.18	40.00	6107.00
chr2	242592926	242593025	99	99	187.00	302.00	245.25	231.00	24280.00
chr1	21937944	21938074	130	130	246.00	425.00	353.23	367.50	45920.00
chr2	223789173	223789313	140	140	36.00	65.00	48.39	47.00	6774.00
chr20	3772318	3772535	217	217	3.00	29.00	14.38	14.00	3120.00
chr16	18531918	18532001	83	83	433.00	623.00	546.00	562.00	45318.00
chr1	43396296	43396537	241	241	49.00	88.00	69.97	70.00	16863.00
chr2	100037960	100038115	155	155	121.00	157.00	133.43	130.00	20682.00
chr16	1500497	1500770	273	273	16.00	153.00	85.30	101.00	23288.00
chr19	40876016	40876144	128	128	540.00	846.00	713.68	709.00	91351.00
chr5	168112691	168112932	241	241	37.00	71.00	48.68	44.00	11733.00
chr2	127825738	127825831	93	93	236.00	362.00	313.49	327.00	29155.00
chr1	19232015	19234990	2975	2975	27.00	295.00	81.68	62.00	243012.00
chr16	1391129	1391196	67	67	0.00	0.00	0.00	0.00	0.00
chr6	33410665	33411689	1024	1024	0.00	96.00	47.58	51.00	48718.00
chr9	95872033	95872266	233	233	17.00	41.00	26.84	26.00	6253.00
chr1	53378627	53378839	212	212	45.00	87.00	70.86	75.00	15022.00
chr2	80531276	80531693	417	417	0.00	0.00	0.00	0.00	0.00
chr7	44286718	44286791	73	73	954.00	1070.00	1010.53	1005.00	73769.00
chr7	157369304	157369471	167	167	60.00	79.00	70.74	70.00	11814.00
chr11	18755079	18755191	112	112	0.00	10.00	5.68	8.00	636.00
chr6	86237979	86238080	101	101	105.00	145.00	128.48	130.00	12976.00
chr8	145000951	145001050	99	99	19.00	50.00	30.73	27.00	3042.00
chr19	45167680	45167966	286	286	8.00	22.00	13.59	13.00	3887.00
chr10	48930165	48930400	235	235	1.00	70.00	26.14	11.00	6142.00
chr16	87871450	87871547	97	97	57.00	69.00	63.19	63.00	6129.00
chr1	109815454	109815649	195	195	59.00	99.00	80.16	83.00	15631.00
chr1	208215442	208215711	269	269	34.00	59.00	46.06	45.00	12391.00
chr2	260866	261451	585	585	2.00	18.00	8.73	9.00	5106.00
chr5	180481266	180481724	458	458	0.00	3.00	1.26	1.00	577.00
chr7	73119479	73119631	152	152	2.00	640.00	289.95	5.00	44072.00
chr15	34677248	34677358	110	110	678.00	882.00	814.01	832.00	89541.00
chr16	57687114	57687247	133	133	4.00	11.00	8.20	8.00	1090.00
chr15	50649406	50649592	186	186	11.00	22.00	16.74	17.00	3114.00
chr22	21071995	21072066	71	71	657.00	939.00	792.62	767.00	56276.00
chr5	179200882	179201561	679	679	32.00	72.00	51.18	50.00	34753.00
chr10	98763824	98763979	155	155	1.00	3.00	1.97	2.00	306.00
chr14	102963315	102963457	142	142	22.00	55.00	36.23	34.00	5144.00
chr1	21932558	21933138	580	580	11.00	304.00	79.31	26.00	45997.00
chr16	28118842	28118998	156	156	102.00	160.00	132.76	134.00	20710.00
chr1	241767561	241767881	320	320	0.00	3.00	1.31	1.00	418.00
chr11	66812063	66812184	121	121	229.00	318.00	271.99	272.00	32911.00
chr11	12248571	12248678	107	107	1054.00	1298.00	1186.91	1190.00	126999.00
chr9	130588788	130588951	163	163	12.00	24.00	17.72	18.00	2888.00
chr22	21068915	21068988	73	73	811.00	1033.00	954.93	965.00	69710.00
chr1	43424304	43424531	227	227	3.00	49.00	28.39	30.00	6445.00
chr14	105852021	105853670	1649	1649	33.00	205.00	68.82	66.00	113478.00
chr15	34823469	34823579	110	110	682.00	878.00	809.77	824.50	89075.00
chr11	171365	172282	917	917	2.00	27.00	12.79	12.00	11727.00
chr22	24493976	24494155	179	179	42.00	87.00	69.21	72.00	12389.00
chr15	79291060	79291167	107	107	250.00	318.00	284.23	288.00	30413.00
chr16	2145904	2146194	290	290	28.00	64.00	48.18	49.00	13972.00
chr9	131503050	131503166	116	116	147.00	220.00	184.52	178.50	21404.00
chr11	61301983	61302579	596	596	5.00	23.00	13.79	13.00	8219.00
chr22	25308609	25308719	110	110	51.00	95.00	72.76	73.00	8004.00
chr12	63977826	63979986	2160	2160	0.00	33.00	11.35	10.00	24506.00
chr19	46928844	46930933	2089	2089	1.00	54.00	29.85	32.00	62352.00
chr16	56969146	56969224	78	78	65.00	111.00	84.42	82.00	6585.00
chr17	40665787	40665996	209	209	13.00	819.00	410.48	619.00	85791.00
chr9	131669435	131671600	2165	2165	23.00	106.00	54.60	53.00	118211.00
chr2	220164026	220164271	245	245	38.00	411.00	158.73	54.00	38889.00
chr19	7589846	7590052	206	206	16.00	86.00	42.82	40.00	8821.00
chr6	91260186	91260268	82	82	40.00	57.00	47.79	48.00	3919.00
chr9	124543742	124543830	88	88	620.00	741.00	672.97	667.00	59221.00
chr12	54071005	54071170	165	165	6.00	18.00	12.16	12.00	2007.00
chr2	40443	41212	769	769	0.00	1.00	0.20	0.00	152.00
chr11	67852159	67852747	588	588	0.00	2.00	0.78	1.00	456.00
chr8	8233762	8234810	1048	1048	21.00	179.00	85.95	77.50	90079.00
chr2	175671113	175672148	1035	1035	0.00	2.00	0.31	0.00	324.00
chr7	138984922	138985438	516	516	1.00	7.00	4.08	4.00	2105.00
chr22	40816850	40817104	254	254	43.00	87.00	68.18	70.00	17317.00
chr19	14263120	14263249	129	129	313.00	496.00	403.86	411.00	52098.00
chr19	16962222	16962345	123	123	30.00	58.00	45.03	47.00	5539.00
chr1	109813838	109813918	80	80	74.00	91.00	81.61	83.00	6529.00
chr3	49898148	49898562	414	414	0.00	12.00	5.54	6.00	2292.00
chr17	17131202	17131510	308	308	37.00	120.00	92.35	98.00	28444.00
chr1	21936067	21936139	72	72	161.00	217.00	187.90	193.50	13529.00
chr3	130424404	130424615	211	211	16.00	29.00	22.20	23.00	4685.00
chr12	56532710	56532797	87	87	48.00	72.00	61.55	62.00	5355.00
chr16	29888591	29888788	197	197	506.00	835.00	694.70	716.00	136855.00
chr2	114394588	114396196	1608	1608	16.00	96.00	49.99	47.00	80379.00
chr3	124180736	124180803	67	67	0.00	0.00	0.00	0.00	0.00
chr9	111798485	111798660	175	175	15.00	29.00	22.03	22.00	3855.00
chr10	73847897	73848372	475	475	11.00	508.00	211.24	216.00	100341.00
chr22	21075585	21075706	121	121	483.00	604.00	544.65	537.00	65903.00
chr22	20920753	20921104	351	351	29.00	98.00	61.62	63.00	21630.00
chr9	140953020	140953185	165	165	34.00	53.00	43.24	43.00	7135.00
chr22	41620970	41621075	105	105	119.00	154.00	134.78	134.00	14152.00
chr11	6243671	6243839	168	168	33.00	52.00	40.51	40.00	6805.00
chr15	74704225	74704353	128	128	69.00	95.00	84.15	86.00	10771.00
chr3	48719780	48719985	205	205	52.00	79.00	64.74	64.00	13271.00
chr1	222833247	222833348	101	101	93.00	116.00	106.67	107.00	10774.00
chr1	6583675	6584824	1149	1149	7.00	42.00	23.74	24.00	27272.00
chr11	126135857	126135976	119	119	96.00	154.00	125.13	123.00	14891.00
chr8	75156763	75157410	647	647	46.00	89.00	68.69	69.00	44445.00
chr15	83345212	83345389	177	177	290.00	456.00	357.79	354.00	63329.00
chr14	68031638	68032561	923	923	0.00	10.00	5.68	6.00	5241.00
chr19	42479780	42479949	169	169	1632.00	1988.00	1816.52	1811.00	306992.00
chr16	31503329	31503407	78	78	232.00	325.00	276.47	276.50	21565.00
chr17	1564564	1564700	136	136	224.00	337.00	270.30	263.50	36761.00
chr16	58717858	58718082	224	224	2.00	19.00	12.39	13.00	2776.00
chr14	71575320	71575763	443	443	24.00	55.00	35.99	34.00	15942.00
chr1	202934498	202934628	130	130	70.00	106.00	85.25	82.00	11083.00
chr7	73118477	73118586	109	109	411.00	537.00	485.69	487.00	52940.00
chr19	13365908	13366073	165	165	335.00	481.00	403.15	398.00	66520.00
chr10	102265117	102265958	841	841	29.00	88.00	52.73	47.00	44343.00
chr9	139983320	139983457	137	137	52.00	94.00	67.89	63.00	9301.00
chr18	29206245	29206347	102	102	29.00	38.00	32.89	33.00	3355.00
chr12	120578662	120578827	165	165	97.00	165.00	134.35	138.00	22167.00
chr5	757516	758226	710	710	4.00	29.00	12.94	11.50	9188.00
chr8	21632483	21632567	84	84	0.00	1.00	0.77	1.00	65.00
chr4	54011499	54011749	250	250	8.00	21.00	12.90	13.00	3224.00
chr8	141680613	141681365	752	752	0.00	8.00	2.49	2.00	1876.00
chr11	57367351	57367850	499	499	4.00	21.00	13.69	14.00	6833.00
chr12	63980009	63980784	775	775	0.00	9.00	3.93	4.00	3049.00
chr9	140057042	140057203	161	161	13.00	542.00	430.63	459.00	69332.00
chr2	7055953	7056098	145	145	18.00	48.00	33.08	34.00	4796.00
chr12	52387768	52389043	1275	1275	4.00	97.00	52.12	48.00	66455.00
chr19	50104931	50105175	244	244	28.00	162.00	81.14	68.50	19797.00
chr19	5218430	5218543	113	113	207.00	303.00	265.88	274.00	30045.00
chr16	29898969	29899138	169	169	437.00	683.00	544.22	528.00	91973.00
chr7	99030900	99031041	141	141	14.00	36.00	27.38	29.00	3861.00
chr17	36692926	36693212	286	286	26.00	70.00	50.59	50.00	14468.00
chr15	73857770	73859335	1565	1565	8.00	94.00	45.35	42.00	70978.00
chr6	44104085	44104176	91	91	93.00	117.00	102.09	101.00	9290.00
chr1	21938518	21938602	84	84	273.00	328.00	297.31	295.00	24974.00
chr19	13423482	13423595	113	113	92.00	156.00	123.91	124.00	14002.00
chr16	70292882	70293089	207	207	407.00	647.00	515.38	532.00	106684.00
chr18	61060641	61060782	141	141	47.00	67.00	56.32	56.00	7941.00
chr16	22269814	22270016	202	202	20.00	63.00	43.60	47.00	8808.00
chr1	21554423	21554534	111	111	3.00	8.00	4.90	4.00	544.00
chr9	140057255	140057455	200	200	9.00	730.00	481.02	580.00	96205.00
chr7	1488255	1488397	142	142	7.00	19.00	13.83	14.00	1964.00
chr14	100166351	100166438	87	87	17.00	25.00	20.30	21.00	1766.00
chr9	101065522	101065705	183	183	134.00	222.00	163.86	158.00	29986.00
chr5	68411752	68412041	289	289	17.00	44.00	31.17	31.00	9007.00
chr1	2452539	2452754	215	215	45.00	87.00	67.07	70.00	14421.00
chr1	21564626	21564737	111	111	2.00	7.00	3.16	3.00	351.00
chr13	42037713	42039066	1353	1353	0.00	3.00	0.82	1.00	1111.00
chr2	114350236	114350443	207	207	20.00	120.00	81.45	93.00	16861.00
chr1	21939668	21939722	54	54	283.00	333.00	307.78	306.00	16620.00
chr9	139353895	139354007	112	112	76.00	93.00	86.68	87.00	9708.00
chr7	102176367	102176618	251	251	13.00	35.00	24.81	25.00	6227.00
chr3	51411753	51412018	265	265	13.00	130.00	60.51	22.00	16036.00
chr17	73888091	73888266	175	175	21.00	44.00	30.45	30.00	5328.00
chr13	103297258	103297435	177	177	3.00	71.00	38.16	54.00	6754.00
chr15	63922664	63922834	170	170	159.00	232.00	192.73	191.00	32764.00
chr3	33400774	33400849	75	75	21.00	27.00	24.61	24.00	1846.00
chr22	50671744	50671955	211	211	71.00	118.00	91.56	90.00	19320.00
chr1	21190968	21191205	237	237	80.00	128.00	97.96	96.00	23216.00
chr5	14481649	14481727	78	78	85.00	116.00	95.96	94.00	7485.00
chr15	101605556	101606410	854	854	1.00	18.00	9.73	10.00	8307.00
chr17	80040402	80040554	152	152	284.00	413.00	350.84	345.00	53327.00
chr2	132269293	132270897	1604	1604	4.00	113.00	62.22	68.00	99806.00
chr11	1778553	1778786	233	233	522.00	856.00	711.39	742.00	165753.00
chr11	1469616	1469808	192	192	52.00	79.00	66.39	66.00	12747.00
chr12	120138549	120138630	81	81	74.00	106.00	90.78	92.00	7353.00
chr7	901016	901101	85	85	306.00	429.00	364.80	366.00	31008.00
chr19	13372263	13372424	161	161	353.00	480.00	410.37	412.00	66070.00
chr17	40843154	40843311	157	157	188.00	257.00	222.24	223.00	34891.00
chr17	80039476	80039719	243	243	347.00	466.00	405.84	409.00	98620.00
chr17	16681109	16687365	6256	6256	0.00	107.00	25.29	21.00	158235.00
chr1	116935475	116935610	135	135	2224.00	3005.00	2629.13	2674.00	354932.00
chr6	128294808	128294972	164	164	10.00	18.00	12.77	13.00	2095.00
chr5	109189927	109190617	690	690	0.00	0.00	0.00	0.00	0.00
chr15	40757533	40757634	101	101	15.00	65.00	48.71	51.00	4920.00
chr2	220164706	220164981	275	275	206.00	473.00	333.43	318.00	91692.00
chr3	164905164	164908639	3475	3475	1.00	40.00	13.06	12.00	45391.00
chr11	60699157	60699356	199	199	82.00	287.00	222.22	222.00	44222.00
chr2	96680301	96680717	416	416	5.00	14.00	8.14	8.00	3385.00
chr17	40845314	40845554	240	240	209.00	363.00	291.39	290.50	69934.00
chr12	125264513	125265391	878	878	3.00	30.00	14.38	13.00	12628.00
chr1	156623704	156624158	454	454	0.00	9.00	4.13	4.00	1873.00
chr6	108370456	108370622	166	166	35.00	53.00	42.11	42.00	6991.00
chr11	19180486	19180587	101	101	20.00	44.00	32.92	35.00	3325.00
chr19	42489069	42489338	269	269	395.00	933.00	696.40	758.00	187331.00
chr2	198274493	198274731	238	238	156.00	236.00	201.15	208.00	47873.00
chr6	47220991	47221257	266	266	34.00	60.00	50.09	52.00	13325.00
chr19	40872679	40872822	143	143	699.00	1043.00	891.60	932.00	127499.00
chr19	54693278	54693627	349	349	0.00	27.00	9.39	9.00	3278.00
chr12	81929	82174	245	245	13.00	60.00	38.04	39.00	9319.00
chr21	45513943	45514114	171	171	30.00	68.00	50.49	53.00	8633.00
chr3	124201630	124201747	117	117	0.00	3.00	1.38	2.00	161.00
chr17	79805118	79805223	105	105	352.00	502.00	416.72	415.00	43756.00
chr20	46307419	46307548	129	129	13.00	21.00	16.93	17.00	2184.00
chr17	38187790	38187873	83	83	153.00	186.00	175.75	175.00	14587.00
chr2	207452814	207452878	64	64	102.00	133.00	118.27	120.50	7569.00
chr17	45695715	45695823	108	108	190.00	310.00	261.77	275.00	28271.00
chr7	44283023	44283126	103	103	964.00	1118.00	1024.30	1020.00	105503.00
chr20	62274975	62275284	309	309	15.00	1393.00	672.12	1019.00	207684.00
chr11	108202605	108202764	159	159	13.00	24.00	18.51	19.00	2943.00
chr9	140051314	140051489	175	175	220.00	299.00	252.15	248.00	44126.00
chr22	45574118	45574781	663	663	11.00	41.00	27.60	31.00	18297.00
chr15	79312382	79312446	64	64	129.00	149.00	137.61	136.50	8807.00
chr1	21940120	21940199	79	79	271.00	337.00	304.84	304.00	24082.00
chr17	3775847	3775921	74	74	225.00	283.00	254.31	254.00	18819.00
chr7	73133931	73134019	88	88	0.00	429.00	136.10	98.50	11977.00
chr11	72292920	72292991	71	71	0.00	5.00	3.31	4.00	235.00
chr7	43547616	43547730	114	114	20.00	44.00	33.22	36.00	3787.00
chr16	58713760	58714145	385	385	6.00	17.00	11.91	12.00	4586.00
chr22	21083600	21083794	194	194	364.00	623.00	503.20	531.00	97621.00
chr11	66457275	66457414	139	139	373.00	504.00	424.48	416.00	59003.00
chr15	91561034	91561115	81	81	28.00	49.00	38.25	40.00	3098.00
chr11	2968525	2969001	476	476	25.00	59.00	39.35	38.00	18729.00
chr19	34869838	34869910	72	72	1108.00	1464.00	1264.85	1266.00	91069.00
chr9	121970996	121971219	223	223	112.00	220.00	174.51	174.00	38916.00
chr3	47449772	47449980	208	208	21.00	96.00	66.22	80.00	13773.00
chr12	57601820	57601999	179	179	443.00	684.00	549.41	513.00	98345.00
chr16	2345590	2345741	151	151	104.00	130.00	114.87	113.00	17346.00
chr12	50471782	50471910	128	128	42.00	64.00	53.59	55.00	6859.00
chr1	109814221	109814344	123	123	101.00	132.00	117.24	119.00	14421.00
chr19	16942304	16942458	154	154	38.00	53.00	46.16	47.00	7109.00
chr11	66333301	66333398	97	97	814.00	951.00	868.87	867.00	84280.00
chr5	74026084	74026223	139	139	38.00	66.00	49.43	50.00	6871.00
chr5	68417520	68417722	202	202	41.00	67.00	53.60	54.00	10828.00
chr19	15272262	15272525	263	263	5.00	16.00	10.30	9.00	2708.00
chr3	45872404	45872482	78	78	25.00	37.00	31.40	32.00	2449.00
chr7	73123374	73123452	78	78	424.00	578.00	498.82	501.00	38908.00
chr5	14498197	14498360	163	163	156.00	216.00	185.71	188.00	30271.00
chr14	93180167	93180230	63	63	52.00	71.00	62.02	63.00	3907.00
chr9	130984739	130984875	136	136	1162.00	1434.00	1261.81	1255.00	171606.00
chr13	31216764	31216894	130	130	16.00	25.00	20.26	20.00	2634.00
chr12	112614399	112614506	107	107	104.00	269.00	219.07	233.00	23441.00
chr12	57602865	57602982	117	117	633.00	739.00	684.68	681.00	80108.00
chr14	72976861	72976987	126	126	3.00	8.00	5.28	6.00	665.00
chr1	155209406	155209553	147	147	24.00	49.00	37.17	39.00	5464.00
chr10	49633930	49634113	183	183	36.00	66.00	50.77	51.00	9290.00
chr16	84100093	84100218	125	125	168.00	266.00	219.25	221.00	27406.00
chr1	155207924	155208097	173	173	37.00	92.00	58.13	52.00	10057.00
chr12	2786898	2787033	135	135	9.00	19.00	13.24	13.00	1788.00
chr2	233755457	233756197	740	740	0.00	4.00	0.26	0.00	195.00
chr14	60631894	60632099	205	205	30.00	141.00	94.32	101.00	19335.00
chr1	11151549	11151654	105	105	159.00	188.00	172.11	171.00	18072.00
chr4	134076071	134076178	107	107	2.00	5.00	3.79	4.00	405.00
chr15	91420364	91420441	77	77	69.00	92.00	79.97	78.00	6158.00
chr5	114961533	114961755	222	222	0.00	6.00	2.89	3.00	641.00
chr16	1814047	1814211	164	164	38.00	697.00	362.05	523.50	59377.00
chr18	44250463	44252581	2118	2118	14.00	114.00	65.98	65.00	139755.00
chr6	158049380	158049518	138	138	12.00	39.00	22.49	18.50	3103.00
chr19	7675585	7675679	94	94	75.00	91.00	84.29	84.00	7923.00
chr13	99461604	99461719	115	115	30.00	114.00	78.15	87.00	8987.00
chr11	130010829	130011467	638	638	4.00	1977.00	293.50	122.50	187256.00
chr11	107526658	107526792	134	134	27.00	41.00	33.31	33.00	4463.00
chr16	1391294	1391490	196	196	0.00	1.00	0.20	0.00	39.00
chr1	38182716	38184158	1442	1442	0.00	17.00	5.06	4.00	7297.00
chr5	179231023	179231323	300	300	17.00	37.00	28.87	30.00	8661.00
chr14	69814593	69814719	126	126	67.00	99.00	81.44	80.00	10261.00
chr14	69349174	69349309	135	135	36.00	64.00	47.41	47.00	6401.00
chr19	7614792	7614998	206	206	54.00	98.00	82.08	82.00	16908.00
chr1	228270375	228270466	91	91	0.00	441.00	129.86	39.00	11817.00
chr1	38186022	38186315	293	293	1.00	7.00	4.45	4.00	1305.00
chr13	77641715	77641999	284	284	153.00	278.00	207.90	200.00	59044.00
chr14	100157417	100157498	81	81	10.00	24.00	15.77	13.00	1277.00
chr13	32978280	32979333	1053	1053	15.00	115.00	43.16	43.00	45445.00
chr12	7301567	7301794	227	227	668.00	1056.00	892.72	915.00	202648.00
chr9	123583116	123583257	141	141	55.00	84.00	67.57	66.00	9528.00
chr17	26883183	26883284	101	101	121.00	201.00	153.06	150.00	15459.00
chr12	6972993	6973137	144	144	155.00	246.00	191.28	178.50	27545.00
chr20	34322310	34322637	327	327	13.00	22.00	17.39	17.00	5686.00
chr19	7606407	7606570	163	163	39.00	63.00	50.88	52.00	8293.00
chr16	2333186	2333373	187	187	9.00	258.00	187.47	207.00	35056.00
chr12	113825548	113825711	163	163	53.00	82.00	67.28	67.00	10967.00
chr7	4802013	4807749	5736	5736	0.00	44.00	12.87	11.00	73845.00
chr1	43394880	43394985	105	105	62.00	93.00	76.01	78.00	7981.00
chr19	4554399	4554488	89	89	138.00	180.00	154.11	151.00	13716.00
chr16	31719139	31719372	233	233	28.00	46.00	36.89	37.00	8595.00
chr5	134060669	134061744	1075	1075	0.00	18.00	10.56	11.00	11355.00
chr1	202936318	202936371	53	53	4.00	47.00	26.70	30.00	1415.00
chr2	220087366	220087615	249	249	182.00	254.00	210.20	211.00	52341.00
chr2	36764494	36764689	195	195	3.00	13.00	7.00	6.00	1365.00
chr7	43519208	43519343	135	135	17.00	26.00	21.11	22.00	2850.00
chr10	51249585	51249993	408	408	5.00	49.00	24.83	23.00	10132.00
chr6	32123647	32123755	108	108	213.00	269.00	243.81	246.00	26331.00
chr3	118624442	118624692	250	250	0.00	2.00	0.61	1.00	152.00
chr1	190129797	190130020	223	223	11.00	29.00	18.26	17.00	4072.00
chr9	131004491	131004624	133	133	19.00	2340.00	1703.88	1905.00	226616.00
chr22	33679187	33679334	147	147	9.00	18.00	13.66	13.00	2008.00
chr15	74709931	74710016	85	85	48.00	66.00	55.87	55.00	4749.00
chr7	6470110	6470238	128	128	16.00	34.00	27.72	29.00	3548.00
chr1	6640600	6641359	759	759	12.00	39.00	24.31	25.00	18451.00
chr16	31510622	31510728	106	106	133.00	166.00	147.30	147.00	15614.00
chr4	103710287	103711803	1516	1516	12.00	96.00	46.98	44.00	71226.00
chr19	2862339	2862746	407	407	3.00	13.00	8.06	8.00	3279.00
chr2	15467873	15467994	121	121	23.00	36.00	30.33	31.00	3670.00
chr2	36780721	36781492	771	771	8.00	29.00	19.54	19.00	15062.00
chr10	81070680	81070941	261	261	9.00	28.00	17.69	18.00	4616.00
chr2	217234866	217235986	1120	1120	0.00	4.00	1.07	1.00	1195.00
chr10	93786348	93786508	160	160	31.00	74.00	46.52	45.00	7443.00
chr17	20268785	20269076	291	291	0.00	15.00	7.45	8.00	2169.00
chr9	131002006	131002062	56	56	31.00	2026.00	1759.98	1898.50	98559.00
chr1	155208307	155208441	134	134	33.00	85.00	59.47	62.00	7969.00
chr2	162833877	162834373	496	496	3.00	93.00	15.92	9.00	7897.00
chr9	35799614	35799728	114	114	78.00	104.00	91.61	91.00	10444.00
chr20	62517856	62519234	1378	1378	1.00	173.00	42.87	42.00	59073.00
chr22	35942847	35943127	280	280	0.00	14.00	8.64	10.00	2418.00
chr13	26436438	26436546	108	108	19.00	37.00	29.49	31.00	3185.00
chr14	69371371	69371453	82	82	12.00	30.00	19.17	17.00	1572.00
chr7	44031274	44031581	307	307	6.00	54.00	19.90	12.00	6109.00
chr11	12274988	12275291	303	303	32.00	120.00	77.05	82.00	23346.00
chr5	1334403	1334498	95	95	73.00	117.00	91.94	90.00	8734.00
chr19	34868639	34868786	147	147	1159.00	1605.00	1335.99	1339.00	196391.00
chr16	1815960	1816143	183	183	485.00	703.00	561.60	552.00	102773.00
chr10	73578787	73578868	81	81	1984.00	3325.00	2734.89	2873.00	221526.00
chr17	37420427	37420640	213	213	9.00	14.00	11.75	12.00	2502.00
chr5	60835422	60835586	164	164	11.00	23.00	16.58	16.00	2719.00
chr15	79296143	79296517	374	374	189.00	296.00	235.46	237.00	88061.00
chr19	13039568	13039661	93	93	157.00	205.00	178.39	179.00	16590.00
chr12	49421585	49421713	128	128	45.00	81.00	64.68	67.00	8279.00
chr1	1661057	1662583	1526	1526	18.00	277.00	104.74	104.00	159829.00
chr2	207457340	207457460	120	120	111.00	157.00	131.47	127.50	15776.00
chr11	64542462	64543441	979	979	3.00	21.00	10.42	10.00	10202.00
chr20	61910250	61910347	97	97	127.00	156.00	140.62	141.00	13640.00
chr11	62394042	62394156	114	114	223.00	295.00	252.99	248.50	28841.00
chr5	37301538	37301652	114	114	19.00	29.00	23.54	23.00	2684.00
chr16	4733843	4733933	90	90	101.00	128.00	118.52	119.50	10667.00
chr15	43693913	43694048	135	135	26.00	45.00	37.48	39.00	5060.00
chr11	18764538	18764622	84	84	1.00	5.00	3.67	4.00	308.00
chr17	57842331	57842499	168	168	58.00	98.00	76.37	75.00	12830.00
chr9	96076729	96078064	1335	1335	28.00	86.00	57.67	59.00	76995.00
chr11	12246219	12246367	148	148	786.00	1069.00	932.96	941.50	138078.00
chr12	7030743	7031565	822	822	118.00	6657.00	2662.17	239.00	2188300.00
chr3	14523178	14523349	171	171	4.00	14.00	8.87	9.00	1516.00
chr5	758508	759483	975	975	2.00	21.00	7.43	7.00	7240.00
chr12	22635490	22635677	187	187	88.00	134.00	113.08	112.00	21146.00
chr5	14479369	14479459	90	90	65.00	109.00	79.99	75.00	7199.00
chr6	143655214	143656079	865	865	0.00	18.00	5.26	4.00	4546.00
chr7	75508360	75508578	218	218	3.00	160.00	89.73	98.00	19561.00
chr11	60697981	60698131	150	150	118.00	196.00	146.11	138.00	21917.00
chr1	151400598	151400889	291	291	87.00	160.00	125.15	129.00	36418.00
chr5	172196431	172197309	878	878	6.00	382.00	117.85	34.00	103476.00
chr3	49152660	49152794	134	134	69.00	123.00	95.16	93.00	12751.00
chr7	5518281	5519950	1669	1669	6.00	37.00	17.31	17.00	28894.00
chr17	16691106	16691449	343	343	8.00	207.00	101.66	114.00	34869.00
chr2	220086993	220087172	179	179	194.00	234.00	210.46	209.00	37673.00
chr10	51746916	51748006	1090	1090	3.00	179.00	86.80	84.00	94613.00
chr12	7302118	7302289	171	171	754.00	1052.00	903.86	918.00	154560.00
chr11	59562844	59562955	111	111	28.00	68.00	41.05	34.00	4556.00
chr12	6100984	6101184	200	200	23.00	37.00	30.23	30.50	6045.00
chr19	5683274	5683627	353	353	7.00	28.00	20.35	21.00	7184.00
chr12	2786259	2786387	128	128	16.00	24.00	20.07	20.00	2569.00
chr15	26812727	26812880	153	153	21.00	39.00	29.79	31.00	4558.00
chr1	149007980	149008798	818	818	0.00	3.00	0.58	0.00	474.00
chr19	54965608	54965861	253	253	242.00	467.00	370.41	373.00	93713.00
chr8	27293259	27293310	51	51	432.00	531.00	477.84	471.00	24370.00
chr15	23014437	23014528	91	91	45.00	64.00	56.59	57.00	5150.00
chr1	111717500	111717585	85	85	44.00	56.00	48.45	48.00	4118.00
chr6	150157220	150157433	213	213	67.00	109.00	86.28	85.00	18377.00
chr13	114566547	114566670	123	123	6.00	33.00	18.37	18.00	2260.00
chr16	58539291	58539605	314	314	4.00	37.00	26.59	28.50	8348.00
chr1	21936612	21936768	156	156	196.00	369.00	285.19	283.50	44489.00
chr1	17322880	17322991	111	111	127.00	214.00	161.84	157.00	17964.00
chr11	60699455	60699599	144	144	183.00	239.00	204.95	204.00	29513.00
chr5	6749669	6749770	101	101	67.00	91.00	77.86	77.00	7864.00
chr16	2156805	2156949	144	144	236.00	802.00	559.85	576.50	80618.00
chr15	34690834	34690930	96	96	198.00	412.00	351.54	361.00	33748.00
chr3	11074933	11075425	492	492	0.00	64.00	11.48	1.00	5647.00
chr5	74655222	74655381	159	159	32.00	61.00	45.38	48.00	7216.00
chr20	20022968	20023160	192	192	15.00	34.00	24.05	24.00	4617.00
chr2	39055481	39055578	97	97	13.00	24.00	20.59	21.00	1997.00
chr19	16793231	16793528	297	297	6.00	90.00	29.97	13.00	8901.00
chr2	219205450	219205509	59	59	24.00	31.00	27.64	27.00	1631.00
chr17	74087429	74087729	300	300	12.00	39.00	30.94	32.00	9283.00
chr3	184058150	184060036	1886	1886	13.00	322.00	93.78	70.00	176874.00
chr6	90333128	90333263	135	135	104.00	143.00	122.01	123.00	16471.00
chr12	125267019	125267429	410	410	3.00	27.00	10.94	7.00	4487.00
chr1	207942580	207943104	524	524	5.00	19.00	12.30	12.00	6443.00
chr4	89356876	89357043	167	167	3.00	8.00	5.44	5.00	909.00
chr7	101995498	101995736	238	238	0.00	16.00	6.22	3.00	1481.00
chr3	11067458	11067562	104	104	26.00	48.00	37.16	36.50	3865.00
chr5	95734582	95734740	158	158	0.00	3.00	1.15	1.00	181.00
chr6	152529106	152529341	235	235	253.00	382.00	312.57	310.00	73454.00
chr5	102295578	102295763	185	185	64.00	103.00	80.07	76.00	14813.00
chr22	21072980	21073110	130	130	531.00	880.00	655.32	630.50	85192.00
chr12	121855306	121855714	408	408	41.00	127.00	76.58	74.00	31244.00
chr1	160326389	160326544	155	155	133.00	167.00	148.66	149.00	23043.00
chr11	60670930	60671007	77	77	380.00	458.00	424.65	428.00	32698.00
chr17	79804822	79804948	126	126	476.00	648.00	567.91	565.50	71557.00
chr16	18527204	18527332	128	128	515.00	845.00	718.39	751.50	91954.00
chr16	16372518	16372646	128	128	512.00	842.00	715.66	749.50	91604.00
chr2	32750530	32750695	165	165	32.00	63.00	41.45	40.00	6839.00
chr14	69369193	69369279	86	86	29.00	44.00	35.66	37.00	3067.00
chr7	66418212	66418356	144	144	49.00	77.00	65.24	67.00	9394.00
chr6	44107988	44108097	109	109	94.00	128.00	113.99	117.00	12425.00
chr7	70885893	70886091	198	198	186.00	289.00	240.32	231.00	47583.00
chr8	27295281	27295397	116	116	538.00	682.00	602.13	594.50	69847.00
chr7	73122918	73123018	100	100	500.00	775.00	664.71	659.00	66471.00
chr15	34698874	34699071	197	197	254.00	323.00	285.99	288.00	56341.00
chr8	22009343	22009513	170	170	44.00	92.00	68.22	70.00	11598.00
chr7	1526557	1526737	180	180	38.00	56.00	47.60	48.00	8568.00
chr5	178053946	178054065	119	119	17.00	498.00	207.64	188.00	24709.00
chr12	6103027	6103369	342	342	15.00	35.00	24.42	25.00	8351.00
chr2	3479491	3480482	991	991	4.00	36.00	16.87	15.00	16715.00
chr3	33883388	33883566	178	178	40.00	67.00	53.69	54.00	9556.00
chr19	11019778	11019883	105	105	65.00	98.00	86.07	89.00	9037.00
chr7	98446205	98446318	113	113	279.00	427.00	352.01	348.00	39777.00
chr8	106813274	106813932	658	658	39.00	77.00	56.90	57.00	37443.00
chr2	223795338	223795530	192	192	58.00	130.00	85.51	80.50	16418.00
chr7	75511146	75511554	408	408	159.00	308.00	223.92	221.00	91358.00
chr21	40184926	40185038	112	112	11.00	18.00	14.22	14.00	1593.00
chr19	53383575	53385236	1661	1661	9.00	31.00	18.62	19.00	30932.00
chr19	14208130	14208295	165	165	15.00	338.00	224.15	286.00	36984.00
chr15	91461013	91461618	605	605	45.00	484.00	183.12	68.00	110787.00
chr8	145278010	145278133	123	123	27.00	42.00	34.62	35.00	4258.00
chr16	28132990	28133083	93	93	77.00	110.00	91.10	91.00	8472.00
chr11	125280091	125280221	130	130	40.00	71.00	55.43	53.50	7206.00
chr15	63128089	63128317	228	228	14.00	79.00	49.72	49.00	11337.00
chr9	131181435	131181557	122	122	0.00	23.00	16.75	19.00	2043.00
chr19	3281196	3281343	147	147	106.00	151.00	124.99	123.00	18374.00
chr11	6240200	6240280	80	80	42.00	54.00	49.19	49.50	3935.00
chr20	31019123	31019287	164	164	25.00	42.00	33.06	33.00	5422.00
chr6	46825865	46827260	1395	1395	1.00	14.00	6.69	7.00	9337.00
chr12	1672006	1672666	660	660	0.00	7.00	1.96	2.00	1293.00
chr12	9098824	9099001	177	177	51.00	103.00	79.37	83.00	14049.00
chr7	121738503	121738630	127	127	1.00	3.00	1.73	2.00	220.00
chr19	40875814	40875935	121	121	481.00	668.00	560.55	542.00	67827.00
chr20	3581592	3581671	79	79	57.00	69.00	61.53	61.00	4861.00
chr17	7226965	7227042	77	77	97.00	135.00	118.25	120.00	9105.00
chr2	74331800	74332809	1009	1009	19.00	54.00	33.31	32.00	33608.00
chr1	209785136	209785610	474	474	0.00	11.00	3.42	3.00	1622.00
chr9	35546426	35548532	2106	2106	49.00	167.00	95.23	95.00	200552.00
chr17	80040198	80040290	92	92	297.00	380.00	340.63	347.00	31338.00
chr11	73074791	73075284	493	493	47.00	239.00	119.92	86.00	59121.00
chr20	44674976	44675075	99	99	198.00	270.00	234.53	235.00	23218.00
chr20	5892091	5892328	237	237	32.00	2701.00	1380.96	1859.00	327288.00
chr17	20316581	20317594	1013	1013	4.00	46.00	17.84	15.00	18075.00
chr12	99478702	99478801	99	99	19.00	38.00	28.12	28.00	2784.00
chr17	40842756	40842960	204	204	183.00	299.00	238.53	236.00	48661.00
chr11	107501142	107501288	146	146	15.00	28.00	21.22	20.00	3098.00
chr11	85429236	85429532	296	296	0.00	0.00	0.00	0.00	0.00
chr20	9449217	9449319	102	102	223.00	288.00	249.59	248.00	25458.00
chr14	23371395	23371591	196	196	139.00	232.00	184.63	184.00	36188.00
chr7	716865	716957	92	92	539.00	676.00	620.60	625.50	57095.00
chr10	48862360	48862682	322	322	0.00	0.00	0.00	0.00	0.00
chr10	68686678	68688210	1532	1532	2.00	28.00	12.58	12.00	19274.00
chr5	179674854	179674926	72	72	158.00	202.00	180.35	187.00	12985.00
chr1	209773327	209773456	129	129	3.00	5.00	3.99	4.00	515.00
chr17	45691034	45691091	57	57	187.00	245.00	212.88	210.00	12134.00
chr1	19669871	19670118	247	247	13.00	32.00	23.52	25.00	5809.00
chr17	45664025	45664710	685	685	10.00	237.00	78.37	75.00	53683.00
chr19	2337634	2338840	1206	1206	21.00	127.00	46.81	45.00	56452.00
chr8	22011480	22011552	72	72	71.00	88.00	78.15	78.00	5627.00
