#chrom	start	end	size	num_data	min	max	mean	median	sum
chr12	1940100	1940691	591	591	7.00	21.00	12.96	13.00	7662.00
chr1	27480473	27481381	908	908	2.00	23.00	8.94	8.00	8120.00
chr15	63112684	63112809	125	125	60.00	83.00	70.72	72.00	8840.00
chr5	149231737	149232254	517	517	1.00	6.00	2.62	3.00	1353.00
chr5	140865429	140867182	1753	1753	1.00	23.00	6.84	7.00	11997.00
chr1	32209793	32209958	165	165	55.00	96.00	76.55	74.00	12630.00
chr16	87873307	87873431	124	124	47.00	75.00	62.62	68.00	7765.00
chr17	34157438	34158175	737	737	0.00	8.00	4.04	4.00	2977.00
chr2	127815619	127816088	469	469	4.00	29.00	15.83	14.00	7425.00
chr1	208212965	208213112	147	147	8.00	22.00	14.13	14.00	2077.00
chr22	19703883	19704666	783	783	7.00	28.00	16.89	17.00	13228.00
chr16	87872319	87872423	104	104	48.00	76.00	61.29	57.50	6374.00
chr9	140055740	140055868	128	128	352.00	510.00	419.17	418.00	53654.00
chr22	21096515	21096643	128	128	121.00	154.00	139.03	140.00	17796.00
chr9	140056321	140056540	219	219	2.00	638.00	417.97	542.00	91536.00
chr11	78379981	78380253	272	272	4.00	12.00	7.76	8.00	2112.00
chr3	11070420	11070533	113	113	83.00	117.00	98.86	98.00	11171.00
chr1	109812554	109813222	668	668	12.00	411.00	189.56	294.00	126628.00
chr2	220161954	220162155	201	201	251.00	387.00	317.88	323.00	63893.00
chr15	74706887	74707086	199	199	26.00	48.00	36.10	35.00	7184.00
chr17	7318829	7319426	597	597	57.00	144.00	91.54	87.00	54648.00
chr1	21560050	21560154	104	104	11.00	18.00	13.91	13.00	1447.00
chr1	25573799	25573952	153	153	1.00	123.00	78.08	92.00	11946.00
chr14	93198993	93199160	167	167	30.00	46.00	36.98	37.00	6175.00
chr1	205554003	205554119	116	116	39.00	75.00	55.05	54.00	6386.00
chr1	9795005	9795232	227	227	327.00	545.00	415.48	415.00	94313.00
chr17	42426525	42426670	145	145	29.00	59.00	48.47	51.00	7028.00
chr18	70205887	70206179	292	292	1.00	31.00	11.61	3.00	3390.00
chr1	205553082	205553251	169	169	60.00	85.00	70.15	70.00	11856.00
chr9	140056623	140056766	143	143	8.00	600.00	390.64	444.00	55862.00
chr6	33412147	33412394	247	247	17.00	195.00	119.89	158.00	29612.00
chr12	89992366	89992547	181	181	0.00	195.00	141.67	165.00	25643.00
chr2	220088827	220089576	749	749	20.00	73.00	45.31	43.00	33934.00
chr14	100763073	100765222	2149	2149	2.00	35.00	11.79	11.00	25330.00
chr1	110740697	110742543	1846	1846	1.00	233.00	115.65	113.00	213496.00
chr1	149878201	149879758	1557	1557	1.00	356.00	73.19	9.00	113963.00
chr3	197264139	197265259	1120	1120	0.00	11.00	4.57	5.00	5116.00
chr8	56449623	56450530	907	907	0.00	10.00	4.65	5.00	4219.00
chr9	139354208	139354326	118	118	13.00	30.00	20.33	19.00	2399.00
chr1	32204908	32205236	328	328	165.00	242.00	205.35	205.00	67356.00
chr7	75608768	75608897	129	129	35.00	58.00	46.53	48.00	6002.00
chr19	45161029	45161178	149	149	10.00	21.00	16.20	16.00	2414.00
chr19	5243911	5244493	582	582	24.00	67.00	36.68	34.00	21350.00
chr6	32119585	32119717	132	132	5.00	217.00	122.82	152.00	16212.00
chr3	42670878	42672067	1189	1189	0.00	8.00	2.48	2.00	2943.00
chr11	45892392	45892485	93	93	42.00	51.00	45.96	46.00	4274.00
chr17	80040789	80040991	202	202	177.00	270.00	229.48	228.00	46355.00
chr2	74902875	74903036	161	161	20.00	32.00	24.42	24.00	3932.00
chr17	38335969	38337946	1977	1977	3.00	96.00	16.25	13.00	32135.00
chr16	87870103	87870253	150	150	58.00	107.00	77.01	70.00	11552.00
chr1	32205947	32206142	195	195	132.00	221.00	165.98	163.00	32367.00
chr6	44117553	44117702	149	149	8.00	192.00	126.62	167.00	18867.00
chr1	159163659	159163830	171	171	251.00	350.00	298.30	291.00	51009.00
chr3	445565	446023	458	458	0.00	7.00	2.24	2.00	1027.00
chr2	25048913	25048995	82	82	61.00	85.00	76.68	79.00	6288.00
chr10	99504485	99504672	187	187	32.00	71.00	47.57	45.00	8896.00
chr4	54364807	54365010	203	203	6.00	21.00	12.32	13.00	2500.00
chr17	1634367	1634552	185	185	3.00	13.00	6.63	6.00	1227.00
chr7	72416124	72416247	123	123	27.00	46.00	37.20	39.00	4576.00
chr1	208212169	208212329	160	160	9.00	23.00	15.94	16.00	2551.00
chr9	140952500	140952702	202	202	5.00	18.00	11.84	12.00	2391.00
chr6	44197325	44197528	203	203	7.00	20.00	13.80	13.00	2801.00
chr6	44197643	44198218	575	575	5.00	23.00	13.59	14.00	7817.00
chr11	118981972	118982084	112	112	66.00	90.00	77.99	79.50	8735.00
chr5	150503846	150503952	106	106	4.00	558.00	374.70	470.50	39718.00
chr11	118981761	118981878	117	117	58.00	106.00	80.45	83.00	9413.00
chr11	126314873	126315000	127	127	13.00	21.00	16.74	17.00	2126.00
chr1	159165808	159166244	436	436	3.00	404.00	76.39	7.00	33308.00
chr7	134893542	134893750	208	208	8.00	23.00	14.76	13.50	3070.00
chr9	121976196	121976433	237	237	80.00	188.00	122.65	130.00	29068.00
chr19	54691042	54691169	127	127	93.00	129.00	108.74	107.00	13810.00
chr22	38621430	38621600	170	170	111.00	146.00	128.72	129.00	21882.00
chr13	42035681	42036205	524	524	0.00	12.00	4.69	3.00	2457.00
chr20	1915360	1915413	53	53	3.00	258.00	194.11	249.00	10288.00
chr5	14496987	14497126	139	139	54.00	111.00	78.11	79.00	10857.00
chr12	56528125	56528212	87	87	11.00	22.00	17.08	17.00	1486.00
chr3	47466974	47467101	127	127	36.00	46.00	41.11	41.00	5221.00
chr17	7415476	7415663	187	187	66.00	95.00	74.97	73.00	14019.00
chr3	33588037	33589252	1215	1215	0.00	14.00	4.92	5.00	5978.00
chr7	887833	888615	782	782	2.00	35.00	13.18	11.00	10305.00
chr10	24813251	24813693	442	442	3.00	18.00	10.52	12.00	4651.00
chr1	109812045	109812213	168	168	180.00	260.00	221.43	220.00	37200.00
chr19	15276597	15276902	305	305	38.00	72.00	58.31	60.00	17785.00
chr16	2334779	2334999	220	220	112.00	178.00	150.36	152.00	33080.00
chr16	68404761	68405261	500	500	32.00	64.00	48.52	49.00	24258.00
chr4	110969111	110969871	760	760	0.00	22.00	7.68	7.00	5840.00
chr1	145693161	145693996	835	835	1.00	13.00	5.98	6.00	4995.00
chr7	44282848	44282932	84	84	623.00	739.00	670.24	667.00	56300.00
chr2	220164315	220164508	193	193	4.00	235.00	89.05	7.00	17187.00
chr12	50472203	50472360	157	157	29.00	48.00	38.75	39.00	6083.00
chr2	220163768	220163833	65	65	266.00	308.00	289.18	291.00	18797.00
chr2	222289928	222290862	934	934	53.00	166.00	84.18	81.00	78626.00
chr12	57599133	57599268	135	135	81.00	129.00	99.30	95.00	13405.00
chr7	157475416	157475629	213	213	79.00	136.00	106.98	109.00	22787.00
chr1	32203800	32203927	127	127	192.00	319.00	256.83	243.00	32618.00
chr1	109811731	109811912	181	181	123.00	183.00	153.35	153.00	27756.00
chr9	140052830	140052975	145	145	237.00	491.00	391.52	434.00	56771.00
chr2	220161706	220161854	148	148	294.00	492.00	367.01	358.50	54318.00
chr16	29896906	29897070	164	164	142.00	229.00	192.29	195.00	31535.00
chr16	47143393	47143622	229	229	9.00	33.00	24.81	26.00	5681.00
chr11	993753	993985	232	232	106.00	170.00	139.13	140.50	32278.00
chr9	124059698	124061137	1439	1439	2.00	38.00	16.19	15.00	23296.00
chr9	140350140	140350634	494	494	12.00	49.00	27.91	26.00	13789.00
chr11	14504577	14504697	120	120	16.00	29.00	21.33	21.50	2560.00
chr3	49898612	49898733	121	121	183.00	289.00	250.63	254.00	30326.00
chr9	131811659	131811777	118	118	16.00	44.00	26.87	24.00	3171.00
chr9	131810705	131810818	113	113	17.00	34.00	26.18	26.00	2958.00
chr1	223400935	223401080	145	145	250.00	309.00	276.23	277.00	40053.00
chr12	125612185	125612820	635	635	0.00	49.00	11.95	7.00	7587.00
chr2	220088590	220088744	154	154	45.00	79.00	65.03	64.00	10014.00
chr9	70888487	70888750	263	263	3.00	45.00	19.62	15.00	5161.00
chr14	69813756	69813898	142	142	74.00	120.00	93.23	93.00	13238.00
chr2	47399145	47399890	745	745	4.00	51.00	16.09	14.00	11989.00
chr11	62688689	62689041	352	352	3.00	38.00	12.52	7.00	4407.00
chr6	43745205	43745407	202	202	1.00	39.00	27.13	26.00	5481.00
chr3	11072492	11072997	505	505	0.00	124.00	29.74	13.00	15020.00
chr7	2696031	2696168	137	137	67.00	83.00	76.22	76.00	10442.00
chr16	14969196	14969279	83	83	109.00	170.00	152.24	157.00	12636.00
chr17	7377847	7378026	179	179	0.00	4.00	1.33	1.00	238.00
chr12	65639640	65639719	79	79	14.00	26.00	20.27	20.00	1601.00
chr12	50294912	50295108	196	196	472.00	608.00	532.55	522.50	104380.00
chr19	42485653	42485788	135	135	1001.00	1373.00	1231.53	1229.00	166257.00
chr10	99509230	99509343	113	113	50.00	94.00	67.37	68.00	7613.00
chr22	38883877	38888120	4243	4243	7.00	330.00	73.91	54.00	313613.00
chr12	49416372	49416658	286	286	41.00	68.00	52.53	50.00	15025.00
chr6	24843089	24843782	693	693	3.00	15.00	8.58	8.00	5946.00
chr5	176295561	176295665	104	104	53.00	70.00	59.81	59.00	6220.00
chr10	99510087	99510227	140	140	56.00	96.00	71.74	72.00	10044.00
chr1	159173658	159174770	1112	1112	4.00	40.00	23.40	25.00	26021.00
chr11	1780745	1780869	124	124	459.00	749.00	621.07	627.00	77013.00
chr19	42486059	42486258	199	199	709.00	1051.00	885.05	912.00	176125.00
chr3	47465422	47465535	113	113	44.00	62.00	54.55	55.00	6164.00
chr1	21573713	21573856	143	143	9.00	19.00	15.18	15.00	2171.00
chr11	65320330	65320453	123	123	42.00	74.00	57.23	57.00	7039.00
chr3	47462420	47462519	99	99	70.00	91.00	82.95	86.00	8212.00
chr2	219204751	219204864	113	113	28.00	36.00	31.88	32.00	3603.00
chr1	43906123	43906257	134	134	4.00	15.00	8.95	9.00	1199.00
chr7	38785158	38785840	682	682	2.00	68.00	12.82	8.00	8740.00
chr2	153499932	153500058	126	126	7.00	22.00	16.19	17.00	2040.00
chr1	32203011	32203132	121	121	4.00	373.00	258.51	284.00	31280.00
chr22	42290823	42290941	118	118	198.00	275.00	243.80	242.00	28768.00
chr19	47940718	47940818	100	100	106.00	143.00	118.99	118.00	11899.00
chr4	119539150	119539274	124	124	0.00	0.00	0.00	0.00	0.00
chr17	44117067	44117250	183	183	23.00	36.00	28.77	29.00	5265.00
chr19	42485873	42485983	110	110	890.00	1163.00	1027.65	1033.00	113042.00
chr6	44114583	44114664	81	81	52.00	74.00	63.42	63.00	5137.00
chr19	47941105	47941292	187	187	7.00	126.00	77.19	107.00	14435.00
chr11	73074250	73074500	250	250	95.00	132.00	109.83	108.00	27458.00
chr3	33418764	33418825	61	61	43.00	58.00	48.25	47.00	2943.00
chr1	700258	700505	247	247	3.00	13.00	7.08	6.00	1749.00
chr9	74319510	74319719	209	209	18.00	36.00	26.95	27.00	5632.00
chr16	2336694	2336968	274	274	59.00	129.00	104.34	113.00	28589.00
chr20	3575125	3575219	94	94	14.00	29.00	21.21	21.00	1994.00
chr9	139231377	139231529	152	152	4.00	22.00	12.91	13.00	1963.00
chr5	140515951	140516498	547	547	0.00	12.00	4.44	3.00	2430.00
chr1	21938208	21938309	101	101	160.00	185.00	173.85	175.00	17559.00
chr3	155659188	155659936	748	748	1.00	24.00	13.03	14.00	9750.00
chr16	27483068	27483241	173	173	29.00	64.00	48.29	49.00	8354.00
chr11	994071	994245	174	174	71.00	165.00	127.94	132.00	22262.00
chr7	71175745	71175913	168	168	288.00	387.00	334.74	337.50	56237.00
chr12	121204065	121204175	110	110	70.00	97.00	85.54	87.00	9409.00
chr7	73118679	73118753	74	74	270.00	347.00	305.93	305.50	22639.00
chr9	140972565	140972710	145	145	10.00	16.00	12.89	13.00	1869.00
chr12	121683329	121684024	695	695	0.00	7.00	2.43	3.00	1690.00
chr16	74493579	74493687	108	108	64.00	99.00	82.44	80.50	8904.00
chr2	36771518	36771641	123	123	17.00	29.00	22.27	22.00	2739.00
chr7	94187181	94187996	815	815	1.00	17.00	9.24	9.00	7532.00
chr14	94156951	94157239	288	288	1.00	5.00	3.15	3.00	908.00
chr7	121739000	121739524	524	524	0.00	4.00	1.64	1.00	857.00
chr1	19549117	19549328	211	211	20.00	38.00	28.08	28.00	5925.00
chr19	5214571	5214747	176	176	115.00	203.00	139.33	135.00	24522.00
chr19	42557753	42557861	108	108	183.00	280.00	226.40	226.00	24451.00
chr15	102510686	102510925	239	239	0.00	25.00	15.38	14.00	3676.00
chr5	167673761	167675376	1615	1615	2.00	33.00	12.02	11.00	19407.00
chr7	44282158	44282253	95	95	682.00	861.00	781.99	780.00	74289.00
chr2	160621061	160621717	656	656	0.00	51.00	6.58	3.00	4315.00
chr5	10426501	10426634	133	133	65.00	88.00	78.66	79.00	10462.00
chr16	1814301	1814460	159	159	222.00	294.00	253.40	251.00	40291.00
chr11	21581734	21581928	194	194	11.00	24.00	16.22	16.00	3147.00
chr3	126749085	126749255	170	170	63.00	118.00	86.94	84.00	14780.00
chr11	12237765	12237866	101	101	63.00	83.00	71.97	71.00	7269.00
chr6	31750872	31750963	91	91	42.00	58.00	48.99	50.00	4458.00
chr3	53124201	53124398	197	197	5.00	14.00	9.53	9.00	1878.00
chr2	220161470	220161544	74	74	457.00	581.00	521.36	533.50	38581.00
chr2	128951046	128951785	739	739	2.00	26.00	12.71	12.00	9396.00
chr5	24535811	24535931	120	120	7.00	15.00	10.12	10.00	1214.00
chr1	44083406	44083582	176	176	39.00	71.00	56.46	58.00	9937.00
chr1	32207653	32207818	165	165	93.00	135.00	112.80	116.00	18612.00
chr12	7293754	7294000	246	246	4.00	215.00	126.19	177.00	31042.00
chr3	131442289	131442469	180	180	90.00	168.00	127.12	116.50	22882.00
chr3	49898871	49899298	427	427	13.00	291.00	129.19	166.00	55163.00
chr16	66432358	66432464	106	106	5.00	18.00	11.46	12.00	1215.00
chr1	20982593	20982680	87	87	96.00	163.00	118.90	110.00	10344.00
chr16	68398653	68398809	156	156	68.00	92.00	80.39	81.00	12541.00
chr17	16676818	16678279	1461	1461	0.00	10.00	5.07	5.00	7400.00
chr1	109814899	109815027	128	128	337.00	459.00	389.52	384.50	49858.00
chr1	21940478	21940582	104	104	198.00	231.00	213.91	214.00	22247.00
chr20	57468284	57468793	509	509	0.00	19.00	5.90	3.00	3005.00
chr3	127358087	127358366	279	279	83.00	230.00	151.00	147.00	42129.00
chr3	126735359	126735527	168	168	18.00	44.00	29.89	30.00	5021.00
chr10	103869140	103869264	124	124	97.00	152.00	123.73	122.00	15342.00
chr20	44520554	44520666	112	112	54.00	73.00	63.96	65.00	7164.00
chr1	32203252	32203356	104	104	197.00	269.00	232.24	234.00	24153.00
chr21	40186196	40186316	120	120	24.00	33.00	28.28	28.00	3394.00
chr5	111067153	111068349	1196	1196	1.00	13.00	5.19	5.00	6208.00
chr9	128002954	128003186	232	232	121.00	213.00	164.39	163.00	38138.00
chr1	43408896	43408992	96	96	107.00	146.00	124.47	124.50	11949.00
chr3	47463931	47464026	95	95	60.00	83.00	73.53	74.00	6985.00
chr2	220161160	220161238	78	78	460.00	570.00	512.18	500.00	39950.00
chr11	62472772	62473089	317	317	435.00	829.00	610.48	635.00	193523.00
chr9	130986341	130986906	565	565	0.00	337.00	50.09	4.00	28302.00
chr14	69358769	69359000	231	231	29.00	59.00	45.55	46.00	10522.00
chr11	64416205	64416379	174	174	81.00	132.00	109.44	109.50	19042.00
chr17	8398454	8398559	105	105	42.00	57.00	49.36	48.00	5183.00
chr12	53572943	53574193	1250	1250	1.00	20.00	7.72	8.00	9652.00
chr17	17696544	17701827	5283	5283	0.00	81.00	19.48	16.00	102893.00
chr8	11705187	11705331	144	144	373.00	552.00	455.26	461.50	65558.00
chr19	54963829	54963931	102	102	106.00	137.00	118.97	118.50	12135.00
chr2	70451682	70456295	4613	4613	0.00	50.00	5.88	4.00	27147.00
chr11	118873959	118874169	210	210	2.00	8.00	5.26	6.00	1105.00
chr10	75548427	75548581	154	154	9.00	25.00	16.45	17.00	2534.00
chr6	33414351	33414563	212	212	127.00	306.00	259.38	266.00	54988.00
chr17	80042910	80043032	122	122	72.00	104.00	89.10	90.00	10870.00
chr11	11470290	11470483	193	193	63.00	86.00	71.88	71.00	13872.00
chr8	23294446	23294771	325	325	21.00	44.00	31.30	30.00	10171.00
chr1	116932060	116932663	603	603	1.00	599.00	196.56	14.00	118526.00
chr15	83222627	83222741	114	114	79.00	101.00	90.89	91.00	10362.00
chr3	9841562	9841751	189	189	10.00	21.00	15.85	17.00	2996.00
chr1	116937731	116937907	176	176	588.00	1010.00	694.08	657.00	122158.00
chr16	87868019	87868197	178	178	54.00	86.00	66.60	65.00	11855.00
chr3	124209540	124209731	191	191	81.00	132.00	103.57	105.00	19782.00
chr7	71142195	71142291	96	96	247.00	323.00	280.26	275.00	26905.00
chr5	130497324	130497584	260	260	0.00	8.00	4.38	4.00	1139.00
chr13	100199238	100199358	120	120	96.00	121.00	106.84	106.00	12821.00
chr5	139943336	139943506	170	170	5.00	77.00	54.55	58.00	9273.00
chr17	74395529	74396002	473	473	16.00	44.00	32.16	32.00	15210.00
chr14	93179149	93179216	67	67	59.00	85.00	69.33	70.00	4645.00
chr4	160277004	160277310	306	306	30.00	128.00	68.51	64.00	20963.00
chr17	40666306	40666478	172	172	306.00	457.00	377.20	378.00	64879.00
chr15	34828065	34828207	142	142	4.00	128.00	90.12	99.00	12797.00
chr14	100165802	100165876	74	74	81.00	97.00	89.78	89.00	6644.00
chr22	20128089	20128231	142	142	6.00	59.00	35.25	48.00	5005.00
chr12	3392210	3394421	2211	2211	1.00	18.00	7.73	8.00	17091.00
chr17	16687866	16690667	2801	2801	0.00	71.00	9.48	7.00	26540.00
chr6	31664724	31664810	86	86	57.00	71.00	63.16	63.00	5432.00
chr6	30627512	30627611	99	99	15.00	29.00	20.62	19.00	2041.00
chr11	18752834	18755060	2226	2226	1.00	159.00	24.92	11.00	55462.00
chr12	109332602	109332731	129	129	65.00	134.00	98.77	96.00	12741.00
chr6	90072884	90073110	226	226	2.00	12.00	6.65	7.00	1504.00
chr16	2689371	2689711	340	340	2.00	11.00	6.81	7.00	2314.00
chr1	20987373	20987484	111	111	74.00	104.00	88.44	88.00	9817.00
chr14	85985300	85986667	1367	1367	0.00	3.00	0.80	1.00	1099.00
chr13	32863769	32863880	111	111	18.00	58.00	37.07	39.00	4115.00
chr16	1510418	1510528	110	110	28.00	53.00	42.91	45.00	4720.00
chr19	54963269	54963444	175	175	115.00	150.00	131.35	131.00	22986.00
chr6	44224078	44224233	155	155	15.00	32.00	24.01	24.00	3721.00
chr20	3151172	3152285	1113	1113	1.00	12.00	5.09	5.00	5669.00
chr1	892273	892405	132	132	48.00	90.00	63.04	60.00	8321.00
chr16	90192167	90192724	557	557	0.00	21.00	7.36	6.00	4100.00
chr9	111663704	111663810	106	106	16.00	27.00	23.01	24.00	2439.00
chr6	44108764	44108835	71	71	49.00	77.00	60.20	58.00	4274.00
chr1	36028802	36029027	225	225	948.00	1839.00	1438.58	1494.00	323681.00
chr11	66807259	66807674	415	415	3.00	22.00	11.70	12.00	4855.00
chr1	178426817	178427679	862	862	2.00	20.00	9.88	10.00	8517.00
chr19	42482302	42482478	176	176	1220.00	1872.00	1470.17	1424.50	258750.00
chr1	44084718	44084873	155	155	39.00	87.00	66.02	67.00	10233.00
chr1	109812315	109812442	127	127	231.00	280.00	251.26	251.00	31910.00
chr3	180324268	180324391	123	123	12.00	35.00	25.59	25.00	3147.00
chr15	63933668	63933842	174	174	27.00	49.00	38.03	38.00	6617.00
chr20	44521363	44521519	156	156	66.00	133.00	91.83	89.00	14326.00
chr3	33416779	33416910	131	131	18.00	48.00	32.95	29.00	4317.00
chr1	21934624	21934843	219	219	2.00	225.00	126.77	190.00	27762.00
chr14	69799801	69799886	85	85	54.00	80.00	66.45	67.00	5648.00
chr1	116936134	116936345	211	211	1.00	633.00	526.62	572.00	111116.00
chr14	23634493	23634645	152	152	11.00	20.00	15.26	15.00	2319.00
chr16	1402538	1402947	409	409	1.00	5.00	2.95	3.00	1206.00
chr9	20331	25000	4669	4669	0.00	121.00	17.61	16.00	82216.00
chr17	43545574	43545959	385	385	5.00	15.00	9.13	10.00	3516.00
chr13	100201418	100201476	58	58	83.00	114.00	95.03	94.00	5512.00
chr15	41865505	41865665	160	160	36.00	82.00	51.99	48.00	8318.00
chr19	19641688	19642196	508	508	6.00	25.00	16.64	17.00	8451.00
chr11	134147593	134148159	566	566	0.00	7.00	3.36	3.00	1900.00
chr2	71656420	71657290	870	870	1.00	23.00	12.09	11.00	10519.00
chr7	97834775	97835016	241	241	18.00	35.00	23.99	23.00	5782.00
chr19	13363804	13363915	111	111	42.00	57.00	50.58	52.00	5614.00
chr18	31328383	31329011	628	628	0.00	5.00	2.00	2.00	1256.00
chr16	66431884	66432009	125	125	9.00	14.00	11.06	11.00	1383.00
chr19	47935155	47935702	547	547	2.00	236.00	101.55	116.00	55547.00
chr12	50291769	50291873	104	104	459.00	550.00	497.49	496.00	51739.00
chr11	1780198	1780317	119	119	457.00	701.00	548.67	523.00	65292.00
chr15	65392626	65393167	541	541	2.00	13.00	7.22	8.00	3905.00
chr2	86397871	86397967	96	96	46.00	63.00	54.95	55.00	5275.00
chr7	97866087	97866233	146	146	29.00	40.00	33.74	33.00	4926.00
chr11	60687157	60687402	245	245	20.00	51.00	37.55	38.00	9200.00
chr21	43307700	43309453	1753	1753	1.00	20.00	8.80	8.00	15428.00
chr14	24619269	24619657	388	388	12.00	27.00	18.43	18.00	7150.00
chr11	65320634	65320727	93	93	39.00	51.00	43.24	43.00	4021.00
chr16	29891184	29891385	201	201	188.00	268.00	230.83	237.00	46396.00
chr1	32207224	32207326	102	102	178.00	216.00	195.74	195.00	19965.00
chr11	72300218	72300394	176	176	0.00	134.00	44.68	0.00	7863.00
chr17	7608878	7609038	160	160	6.00	26.00	14.94	13.00	2390.00
chr19	7607646	7607814	168	168	31.00	68.00	52.67	53.00	8849.00
chr19	54966129	54966271	142	142	111.00	154.00	132.70	133.00	18844.00
chr12	57995027	57995131	104	104	28.00	41.00	34.62	35.00	3600.00
chr1	27428875	27429049	174	174	27.00	51.00	35.72	35.00	6216.00
chr2	27688277	27688385	108	108	17.00	25.00	20.84	21.00	2251.00
chr16	2691449	2692254	805	805	4.00	17.00	9.74	9.00	7843.00
chr9	131503813	131503933	120	120	148.00	197.00	173.86	174.00	20863.00
chr16	2347766	2347922	156	156	49.00	73.00	58.28	57.00	9091.00
chr17	80039884	80040036	152	152	201.00	279.00	233.93	233.00	35557.00
chr1	32204432	32204538	106	106	204.00	331.00	274.69	284.50	29117.00
chr12	9242951	9243078	127	127	194.00	229.00	206.80	207.00	26264.00
chr3	49702661	49702751	90	90	53.00	75.00	63.58	63.00	5722.00
chr19	35820359	35820837	478	478	2.00	16.00	8.40	8.00	4017.00
chr1	201456762	201457615	853	853	1.00	19.00	9.13	9.00	7784.00
chr16	2334279	2334438	159	159	116.00	165.00	137.04	137.00	21789.00
chr10	73578373	73578481	108	108	1386.00	1888.00	1651.83	1686.00	178398.00
chr16	18530550	18530756	206	206	10.00	143.00	73.41	93.00	15122.00
chr16	16369094	16369300	206	206	10.00	144.00	73.78	94.00	15198.00
chr13	113975636	113975785	149	149	11.00	305.00	135.44	18.00	20180.00
chr11	119293822	119294227	405	405	0.00	1281.00	114.33	4.00	46302.00
chr5	150505962	150506041	79	79	350.00	440.00	405.05	418.00	31999.00
chr22	44224939	44225078	139	139	256.00	335.00	300.70	300.00	41797.00
chr15	41865199	41865309	110	110	44.00	65.00	51.15	50.00	5626.00
chr17	25633807	25636298	2491	2491	0.00	351.00	78.98	50.00	196737.00
chr15	72495155	72495529	374	374	7.00	1707.00	647.12	12.00	242023.00
chr9	42540272	42542124	1852	1852	0.00	15.00	4.06	3.00	7523.00
chr11	119290760	119291704	944	944	4.00	2461.00	859.49	14.00	811355.00
chr19	5219949	5220165	216	216	78.00	141.00	108.11	106.00	23352.00
chr15	63910769	63911153	384	384	0.00	8.00	4.32	4.00	1659.00
chr17	74393879	74393969	90	90	28.00	51.00	41.21	42.50	3709.00
chr10	104129467	104129532	65	65	18.00	26.00	22.40	22.00	1456.00
chr3	142454224	142454620	396	396	0.00	3.00	1.13	1.00	446.00
chr12	121205196	121205396	200	200	65.00	98.00	81.48	80.00	16297.00
chr3	31705570	31705724	154	154	3.00	8.00	4.44	4.00	684.00
chr6	118635190	118636593	1403	1403	1.00	22.00	10.53	10.00	14780.00
chr8	10339867	10340829	962	962	1.00	17.00	9.01	9.00	8668.00
chr19	16952578	16952779	201	201	45.00	68.00	55.23	55.00	11101.00
chr8	110984486	110985016	530	530	8.00	28.00	16.73	16.00	8865.00
chr9	128001219	128001610	391	391	157.00	338.00	245.83	246.00	96119.00
chr11	73070878	73070997	119	119	65.00	80.00	72.33	73.00	8607.00
chr10	104130140	104130235	95	95	30.00	42.00	35.94	36.00	3414.00
chr5	95733039	95733173	134	134	3.00	10.00	5.73	5.00	768.00
chr19	59059400	59059547	147	147	104.00	149.00	125.26	126.00	18413.00
chr5	139943169	139943255	86	86	8.00	77.00	60.55	66.00	5207.00
chr17	73487771	73487981	210	210	29.00	49.00	40.09	40.00	8418.00
chr1	154315588	154315777	189	189	8.00	22.00	14.98	16.00	2831.00
chr14	95652726	95653070	344	344	2.00	14.00	7.99	8.00	2747.00
chr12	123639801	123640772	971	971	1.00	23.00	9.33	8.00	9057.00
chr22	47064870	47065171	301	301	0.00	5.00	2.11	2.00	636.00
chr5	24535220	24535388	168	168	6.00	18.00	13.14	13.00	2208.00
chr12	6806452	6806958	506	506	76.00	200.00	143.11	155.00	72415.00
chr22	29881711	29881836	125	125	96.00	124.00	107.97	106.00	13496.00
chr7	75894681	75894786	105	105	21.00	29.00	25.41	25.00	2668.00
chr12	121089007	121095893	6886	6886	0.00	28.00	6.90	6.00	47529.00
chr1	207940357	207942365	2008	2008	0.00	48.00	11.65	10.00	23388.00
chr7	154681166	154681240	74	74	176.00	223.00	202.64	208.50	14995.00
chr5	131696513	131697529	1016	1016	0.00	10.00	3.40	3.00	3459.00
chr11	1776135	1776258	123	123	345.00	636.00	494.93	462.00	60876.00
chr8	11706554	11706673	119	119	226.00	318.00	266.98	256.00	31771.00
chr11	18759426	18759511	85	85	77.00	107.00	89.40	86.00	7599.00
chr16	61689373	61689625	252	252	10.00	23.00	17.15	17.00	4321.00
chr15	51750702	51750824	122	122	57.00	107.00	77.31	78.00	9432.00
chr9	35555056	35555698	642	642	72.00	169.00	114.48	116.00	73496.00
chr2	198356200	198356621	421	421	1.00	6.00	2.63	2.00	1109.00
chr9	131001723	131001794	71	71	1187.00	1640.00	1407.25	1387.00	99915.00
chr19	5214371	5214491	120	120	170.00	268.00	228.76	229.50	27451.00
chr22	35719488	35719623	135	135	56.00	83.00	68.26	69.00	9215.00
chr12	121678738	121679829	1091	1091	1.00	10.00	3.66	3.00	3991.00
chr14	23820960	23821064	104	104	546.00	688.00	613.98	606.00	63854.00
chr1	32205710	32205779	69	69	194.00	257.00	226.38	228.00	15620.00
chr3	33420176	33420326	150	150	1.00	65.00	22.61	2.00	3392.00
chr9	114820707	114820966	259	259	1.00	7.00	3.75	4.00	970.00
chr15	41865876	41866023	147	147	2.00	108.00	86.09	91.00	12655.00
chr19	55554308	55554637	329	329	1.00	6.00	3.22	3.00	1060.00
chr1	116933403	116933513	110	110	489.00	638.00	570.71	573.00	62778.00
chr19	15374230	15374359	129	129	26.00	43.00	34.11	35.00	4400.00
chr12	56090682	56090852	170	170	30.00	50.00	41.75	42.00	7097.00
chr14	69445668	69445876	208	208	7.00	28.00	18.04	20.00	3752.00
chr12	57603474	57603651	177	177	119.00	217.00	170.15	169.00	30116.00
chr22	32897492	32898946	1454	1454	1.00	19.00	8.47	8.00	12315.00
chr16	16367702	16367764	62	62	1.00	71.00	38.84	40.00	2408.00
chr19	5245786	5246056	270	270	23.00	58.00	37.59	36.00	10149.00
chr16	74345440	74345829	389	389	2.00	17.00	7.90	7.00	3075.00
chr6	107096899	107097076	177	177	6.00	15.00	10.36	10.00	1833.00
chr1	29641883	29642019	136	136	40.00	63.00	53.38	56.00	7259.00
chr8	97342440	97342509	69	69	84.00	106.00	97.46	99.00	6725.00
chr8	68116914	68117054	140	140	15.00	44.00	30.40	30.00	4256.00
chr22	22037470	22037546	76	76	12.00	21.00	17.13	18.00	1302.00
chr22	50682147	50683420	1273	1273	5.00	35.00	22.01	22.00	28025.00
chr20	44048971	44049069	98	98	100.00	119.00	109.73	111.00	10754.00
chr1	36904356	36904511	155	155	5.00	46.00	26.83	27.00	4159.00
chr12	71054719	71054877	158	158	17.00	31.00	23.68	24.00	3742.00
chr15	50654364	50655515	1151	1151	0.00	13.00	5.48	5.00	6312.00
chr2	234198499	234198620	121	121	27.00	42.00	34.58	35.00	4184.00
chr9	128001699	128001812	113	113	147.00	193.00	169.23	168.00	19123.00
chr8	38272296	38272419	123	123	116.00	176.00	154.24	158.00	18972.00
chr11	73068069	73068179	110	110	45.00	72.00	59.62	60.00	6558.00
chr16	28123137	28123327	190	190	118.00	217.00	161.87	163.50	30756.00
chr12	49424062	49424222	160	160	6.00	22.00	14.62	15.00	2340.00
chr19	50302885	50303023	138	138	188.00	339.00	249.59	247.50	34443.00
chr19	42480567	42480718	151	151	2639.00	3415.00	3034.46	3034.00	458204.00
chr3	197904395	197905301	906	906	2.00	21.00	7.93	7.00	7188.00
chr13	100189992	100190117	125	125	37.00	63.00	51.13	51.00	6391.00
chr19	14268062	14268272	210	210	77.00	142.00	102.30	100.00	21484.00
chr10	93786886	93787057	171	171	13.00	27.00	18.80	19.00	3214.00
chr1	109808726	109808828	102	102	101.00	162.00	123.18	118.50	12564.00
chr4	134075461	134075520	59	59	18.00	32.00	27.27	29.00	1609.00
chr1	22052268	22053864	1596	1596	0.00	11.00	3.82	4.00	6103.00
chr9	140056855	140056968	113	113	507.00	680.00	574.92	562.00	64966.00
chr19	42482087	42482224	137	137	1810.00	2726.00	2147.99	2128.00	294274.00
chr19	4556962	4557025	63	63	285.00	349.00	317.62	315.00	20010.00
chr19	14266921	14267013	92	92	105.00	148.00	128.57	129.00	11828.00
chr22	42273851	42274127	276	276	4.00	243.00	120.00	142.00	33119.00
chr1	205549788	205550049	261	261	42.00	70.00	54.47	54.00	14216.00
chr1	110765585	110766522	937	937	11.00	54.00	29.59	30.00	27723.00
chr19	55553595	55554158	563	563	1.00	8.00	4.06	4.00	2285.00
chr7	150929881	150931360	1479	1479	5.00	45.00	18.04	17.00	26686.00
chr3	124215157	124215260	103	103	115.00	179.00	154.37	166.00	15900.00
chr16	58220658	58220760	102	102	9.00	22.00	15.68	15.00	1599.00
chr3	10381925	10382033	108	108	26.00	55.00	37.75	37.50	4077.00
chr10	11356101	11356221	120	120	31.00	42.00	37.92	38.00	4551.00
chr22	42294652	42294785	133	133	290.00	450.00	369.68	362.00	49168.00
chr1	2005531	2005714	183	183	1.00	15.00	9.45	11.00	1730.00
chr12	113722522	113722576	54	54	22.00	32.00	28.04	29.00	1514.00
chr9	131502198	131502398	200	200	3.00	255.00	191.88	200.00	38376.00
chr19	40873602	40873786	184	184	576.00	832.00	701.64	696.00	129101.00
chr2	220162606	220162825	219	219	152.00	306.00	223.08	224.00	48855.00
chr16	28270027	28270355	328	328	0.00	4.00	2.31	3.00	758.00
chr4	3225718	3225858	140	140	24.00	54.00	35.91	35.00	5027.00
chr17	44127898	44128070	172	172	19.00	30.00	24.41	24.00	4199.00
chr3	47462043	47462262	219	219	43.00	83.00	59.22	59.00	12969.00
chr6	99873090	99873182	92	92	3.00	52.00	24.18	22.00	2225.00
chr7	142561723	142562504	781	781	33.00	69.00	54.01	55.00	42184.00
chr1	159169540	159169666	126	126	484.00	736.00	639.34	669.00	80557.00
chr19	7606869	7606953	84	84	30.00	40.00	35.31	35.00	2966.00
chr16	2811561	2818298	6737	6737	3.00	411.00	142.18	115.00	957836.00
chr3	47450652	47450807	155	155	22.00	42.00	30.77	30.00	4769.00
chr11	118403631	118403922	291	291	17.00	41.00	30.44	31.00	8859.00
chr1	205555161	205555335	174	174	45.00	78.00	63.78	65.00	11098.00
chr12	125603186	125603311	125	125	14.00	25.00	19.50	20.00	2438.00
chr11	86658288	86659498	1210	1210	3.00	18.00	8.78	9.00	10623.00
chr22	37764946	37768745	3799	3799	0.00	254.00	64.98	53.00	246844.00
chr10	46345664	46346215	551	551	3.00	15.00	7.51	6.00	4139.00
chr22	33673045	33673241	196	196	77.00	140.00	102.53	96.00	20096.00
chr9	140042599	140042666	67	67	1.00	29.00	19.24	20.00	1289.00
chr3	48717233	48717320	87	87	50.00	84.00	64.72	64.00	5631.00
chr11	60681600	60681740	140	140	1.00	26.00	13.54	16.00	1895.00
chr10	93784512	93784724	212	212	18.00	32.00	25.22	26.00	5346.00
chr12	7289424	7290372	948	948	4.00	150.00	43.18	9.00	40937.00
chr3	132387062	132387526	464	464	1.00	11.00	4.35	4.00	2018.00
chr16	2335442	2335647	205	205	109.00	163.00	135.46	130.00	27769.00
chr16	1794782	1797276	2494	2494	1.00	151.00	30.36	22.00	75722.00
chr16	3786036	3786204	168	168	18.00	31.00	23.37	23.00	3926.00
chr9	141131209	141131766	557	557	2.00	24.00	8.41	7.00	4682.00
chr14	92965028	92966015	987	987	0.00	6.00	2.46	3.00	2430.00
chr19	54692070	54692200	130	130	69.00	128.00	98.79	96.00	12843.00
chr15	43866006	43866230	224	224	24.00	49.00	34.63	33.00	7757.00
chr3	40231316	40231954	638	638	9.00	30.00	16.31	16.00	10403.00
chr3	50148937	50149455	518	518	3.00	16.00	9.84	10.00	5096.00
chr4	81117505	81117755	250	250	17.00	36.00	28.69	29.00	7173.00
chr10	46740404	46740638	234	234	1.00	17.00	7.34	5.00	1717.00
chr3	124210169	124210271	102	102	88.00	123.00	104.25	102.00	10634.00
chr11	107488830	107488932	102	102	39.00	61.00	49.78	49.00	5078.00
chr9	130591965	130592106	141	141	38.00	61.00	50.50	52.00	7121.00
chr1	20981932	20982027	95	95	118.00	170.00	135.41	132.00	12864.00
chr12	75875613	75875859	246	246	10.00	19.00	13.89	14.00	3417.00
chr22	32046684	32046764	80	80	10.00	16.00	12.54	12.00	1003.00
chr11	70331418	70331658	240	240	7.00	20.00	15.38	17.00	3691.00
chr14	51079976	51080069	93	93	135.00	216.00	173.14	171.00	16102.00
chr17	80041077	80041301	224	224	131.00	266.00	190.99	177.50	42781.00
chr7	158540884	158540971	87	87	20.00	29.00	23.43	23.00	2038.00
chr1	21553651	21553719	68	68	12.00	22.00	17.47	17.00	1188.00
chr2	219206256	219206349	93	93	21.00	35.00	28.74	29.00	2673.00
chr17	18444211	18445242	1031	1031	0.00	9.00	4.52	5.00	4656.00
chr12	57599340	57599460	120	120	92.00	134.00	116.22	119.00	13946.00
chr11	64417919	64418110	191	191	71.00	97.00	83.31	84.00	15913.00
chr19	3274926	3275650	724	724	0.00	14.00	6.93	7.00	5018.00
chr16	18532086	18532305	219	219	96.00	179.00	134.50	139.00	29456.00
chr17	3776702	3776756	54	54	158.00	204.00	184.63	184.50	9970.00
chr1	116932670	116933033	363	363	2.00	572.00	277.26	459.00	100644.00
chr16	1505731	1505796	65	65	39.00	53.00	45.20	46.00	2938.00
chr1	9794029	9794200	171	171	462.00	592.00	536.96	538.00	91820.00
chr10	73579221	73579379	158	158	974.00	1265.00	1112.72	1124.50	175810.00
chr11	6411684	6412146	462	462	3.00	61.00	28.23	24.00	13044.00
chr1	159163212	159163350	138	138	167.00	267.00	218.43	217.00	30144.00
chr16	1816723	1816804	81	81	269.00	342.00	301.69	298.00	24437.00
chr7	91722399	91722630	231	231	1.00	28.00	18.52	19.00	4278.00
chr7	44281816	44281939	123	123	770.00	960.00	860.24	862.00	105810.00
chr2	220467189	220467297	108	108	9.00	24.00	18.63	18.50	2012.00
chr16	4494664	4494729	65	65	59.00	77.00	70.14	71.00	4559.00
chr15	34681844	34681986	142	142	4.00	127.00	89.84	99.00	12757.00
chr9	139995935	139996124	189	189	41.00	65.00	56.43	57.00	10666.00
chr3	180324040	180324160	120	120	16.00	32.00	26.32	26.00	3158.00
chr3	42678359	42681242	2883	2883	11.00	77.00	31.54	28.00	90943.00
chr7	131812776	131815333	2557	2557	7.00	54.00	23.98	24.00	61319.00
chr20	1585387	1585522	135	135	8.00	94.00	68.13	80.00	9198.00
chr3	126751229	126751442	213	213	78.00	124.00	95.85	94.00	20415.00
chr15	63920875	63921014	139	139	52.00	104.00	80.54	82.00	11195.00
chr16	2040128	2040202	74	74	5.00	26.00	14.65	12.00	1084.00
chr9	74324174	74324390	216	216	18.00	39.00	26.56	27.00	5736.00
chr20	44521858	44521950	92	92	107.00	146.00	123.02	121.00	11318.00
chr9	139911647	139911798	151	151	203.00	274.00	234.42	234.00	35397.00
chr9	140055507	140055649	142	142	361.00	527.00	464.75	488.00	65995.00
chr12	120148055	120148191	136	136	22.00	29.00	25.67	26.00	3491.00
chr12	50474280	50474372	92	92	44.00	72.00	60.25	60.50	5543.00
chr15	63125702	63125828	126	126	42.00	81.00	63.17	67.00	7960.00
chr9	20907148	20907241	93	93	39.00	55.00	45.90	45.00	4269.00
chr16	87874655	87874761	106	106	44.00	61.00	51.04	50.00	5410.00
chr2	162833269	162833460	191	191	0.00	141.00	70.82	96.00	13527.00
chr8	11704560	11704677	117	117	304.00	433.00	370.86	380.00	43391.00
chr15	63926931	63927087	156	156	60.00	78.00	68.16	68.00	10633.00
chr6	31668718	31668805	87	87	62.00	75.00	68.83	69.00	5988.00
chr7	148910792	148910906	114	114	9.00	23.00	17.40	17.00	1984.00
chr14	42355808	42357213	1405	1405	2.00	46.00	16.28	16.00	22874.00
chr10	88678928	88679226	298	298	7.00	16.00	12.26	12.00	3653.00
chr3	140998219	140998346	127	127	11.00	29.00	21.57	24.00	2740.00
chr1	144859758	144859998	240	240	37.00	84.00	58.12	59.00	13949.00
chr9	96054772	96055455	683	683	29.00	108.00	59.12	60.00	40379.00
chr19	7604803	7604944	141	141	26.00	47.00	36.45	36.00	5140.00
chr12	30906277	30907432	1155	1155	1.00	29.00	11.81	10.00	13642.00
chr9	131112762	131112854	92	92	49.00	74.00	63.38	67.50	5831.00
chr20	61981328	61982379	1051	1051	11.00	43.00	28.59	29.00	30046.00
chr7	38431348	38431618	270	270	192.00	309.00	232.44	226.00	62759.00
chr20	44521036	44521123	87	87	48.00	71.00	58.47	59.00	5087.00
chr11	64418726	64419108	382	382	61.00	114.00	84.16	82.00	32148.00
chr12	120148344	120150270	1926	1926	0.00	51.00	9.84	7.00	18950.00
chr12	6930971	6931066	95	95	3.00	135.00	69.48	68.00	6601.00
chr16	2339434	2339621	187	187	53.00	67.00	60.57	61.00	11327.00
chr2	27700083	27700187	104	104	3.00	15.00	7.60	7.00	790.00
chr14	69805367	69805494	127	127	60.00	112.00	80.59	77.00	10235.00
chr12	9242497	9242619	122	122	178.00	235.00	208.17	208.00	25397.00
chr3	58256658	58256791	133	133	62.00	110.00	86.61	86.00	11519.00
chr10	79744927	79745098	171	171	10.00	29.00	20.66	23.00	3533.00
chr1	159161725	159161866	141	141	89.00	185.00	139.58	145.00	19681.00
chr16	31085202	31085519	317	317	3.00	10.00	6.42	7.00	2034.00
chr1	171755018	171755218	200	200	11.00	21.00	15.98	16.00	3197.00
chr9	130988124	130989280	1156	1156	0.00	754.00	88.24	11.00	102003.00
chr15	63127935	63127998	63	63	49.00	69.00	57.83	58.00	3643.00
chr19	1917676	1917821	145	145	4.00	75.00	60.63	67.00	8791.00
chr22	25315792	25315960	168	168	36.00	66.00	48.96	47.00	8225.00
chr2	207943790	207945085	1295	1295	4.00	23.00	12.35	12.00	15988.00
chr11	47330706	47330952	246	246	0.00	211.00	84.63	3.00	20819.00
chr3	142743978	142746095	2117	2117	0.00	42.00	5.95	4.00	12603.00
chr7	44839492	44839694	202	202	4.00	11.00	7.09	7.00	1433.00
chr22	31688260	31688471	211	211	2.00	45.00	24.45	29.00	5158.00
chr11	66333492	66333638	146	146	186.00	256.00	217.99	222.00	31826.00
chr9	131114916	131115026	110	110	58.00	87.00	70.23	68.00	7725.00
chr1	20206	21013	807	807	1.00	53.00	24.78	26.00	19995.00
chr11	108216469	108216635	166	166	13.00	26.00	19.47	20.00	3232.00
chr1	209778880	209779019	139	139	60.00	107.00	84.72	83.00	11776.00
chr1	202935876	202936026	150	150	25.00	61.00	44.47	47.50	6671.00
chr12	57600255	57600524	269	269	110.00	185.00	148.21	147.00	39869.00
chr19	15233503	15233615	112	112	39.00	55.00	47.12	47.00	5277.00
chr8	68115317	68115486	169	169	27.00	45.00	36.02	35.00	6087.00
chr19	13419229	13419342	113	113	12.00	23.00	17.67	17.00	1997.00
chr6	33266815	33267130	315	315	1.00	5.00	2.50	2.00	788.00
chr16	89780611	89781646	1035	1035	1.00	32.00	10.03	8.00	10386.00
chr12	109964162	109964221	59	59	20.00	25.00	23.24	23.00	1371.00
chr22	24491893	24492045	152	152	12.00	23.00	16.34	16.00	2483.00
chr2	242592926	242593025	99	99	56.00	118.00	81.80	75.00	8098.00
chr1	21937944	21938074	130	130	142.00	257.00	208.90	210.00	27157.00
chr2	223789173	223789313	140	140	47.00	82.00	66.55	66.00	9317.00
chr20	3772318	3772535	217	217	1.00	5.00	3.05	3.00	661.00
chr16	18531918	18532001	83	83	105.00	157.00	138.19	139.00	11470.00
chr1	43396296	43396537	241	241	108.00	200.00	146.18	149.00	35230.00
chr2	100037960	100038115	155	155	6.00	16.00	11.04	11.00	1711.00
chr16	1500497	1500770	273	273	3.00	84.00	47.03	64.00	12839.00
chr19	40876016	40876144	128	128	612.00	1023.00	834.09	817.00	106763.00
chr5	168112691	168112932	241	241	24.00	48.00	35.62	34.00	8585.00
chr2	127825738	127825831	93	93	219.00	303.00	272.09	283.00	25304.00
chr1	19232015	19234990	2975	2975	2.00	40.00	15.43	14.00	45890.00
chr16	1391129	1391196	67	67	37.00	48.00	43.33	44.00	2903.00
chr6	33410665	33411689	1024	1024	2.00	141.00	87.07	96.00	89163.00
chr9	95872033	95872266	233	233	4.00	18.00	8.79	7.00	2047.00
chr1	53378627	53378839	212	212	2.00	7.00	4.33	4.00	918.00
chr2	80531276	80531693	417	417	12.00	54.00	26.14	23.00	10900.00
chr7	44286718	44286791	73	73	501.00	584.00	544.73	544.00	39765.00
chr7	157369304	157369471	167	167	171.00	226.00	204.88	207.00	34215.00
chr11	18755079	18755191	112	112	2.00	128.00	83.06	113.00	9303.00
chr6	86237979	86238080	101	101	47.00	65.00	53.86	52.00	5440.00
chr8	145000951	145001050	99	99	23.00	40.00	29.28	29.00	2899.00
chr19	45167680	45167966	286	286	0.00	7.00	4.07	4.00	1164.00
chr10	48930165	48930400	235	235	2.00	17.00	7.58	5.00	1782.00
chr16	87871450	87871547	97	97	73.00	114.00	87.98	87.00	8534.00
chr1	109815454	109815649	195	195	287.00	475.00	372.89	366.00	72713.00
chr1	208215442	208215711	269	269	4.00	26.00	14.88	13.00	4004.00
chr2	260866	261451	585	585	0.00	5.00	2.14	2.00	1251.00
chr5	180481266	180481724	458	458	14.00	52.00	32.47	33.00	14871.00
chr7	73119479	73119631	152	152	0.00	345.00	151.41	1.00	23015.00
chr15	34677248	34677358	110	110	181.00	252.00	221.53	224.50	24368.00
chr16	57687114	57687247	133	133	27.00	44.00	32.87	31.00	4372.00
chr15	50649406	50649592	186	186	0.00	5.00	3.75	4.00	697.00
chr22	21071995	21072066	71	71	375.00	499.00	434.41	429.00	30843.00
chr5	179200882	179201561	679	679	5.00	21.00	12.76	13.00	8664.00
chr10	98763824	98763979	155	155	82.00	131.00	110.06	109.00	17060.00
chr14	102963315	102963457	142	142	27.00	46.00	38.68	39.00	5492.00
chr1	21932558	21933138	580	580	2.00	266.00	64.00	13.00	37121.00
chr16	28118842	28118998	156	156	109.00	188.00	141.85	140.00	22128.00
chr1	241767561	241767881	320	320	0.00	6.00	1.78	1.00	569.00
chr11	66812063	66812184	121	121	13.00	29.00	22.41	23.00	2712.00
chr11	12248571	12248678	107	107	158.00	210.00	185.26	185.00	19823.00
chr9	130588788	130588951	163	163	26.00	46.00	36.10	36.00	5884.00
chr22	21068915	21068988	73	73	448.00	532.00	487.42	485.00	35582.00
chr1	43424304	43424531	227	227	8.00	129.00	91.67	104.00	20809.00
chr14	105852021	105853670	1649	1649	6.00	109.00	21.15	20.00	34869.00
chr15	34823469	34823579	110	110	181.00	252.00	221.53	224.50	24368.00
chr11	171365	172282	917	917	0.00	17.00	7.45	7.00	6829.00
chr22	24493976	24494155	179	179	21.00	36.00	27.73	27.00	4964.00
chr15	79291060	79291167	107	107	126.00	168.00	149.02	149.00	15945.00
chr16	2145904	2146194	290	290	4.00	15.00	8.69	9.00	2519.00
chr9	131503050	131503166	116	116	162.00	228.00	194.87	193.00	22605.00
chr11	61301983	61302579	596	596	2.00	16.00	8.36	8.00	4983.00
chr22	25308609	25308719	110	110	42.00	53.00	46.27	46.00	5090.00
chr12	63977826	63979986	2160	2160	0.00	22.00	6.76	6.00	14612.00
chr19	46928844	46930933	2089	2089	1.00	109.00	51.27	51.00	107105.00
chr16	56969146	56969224	78	78	55.00	78.00	70.01	73.00	5461.00
chr17	40665787	40665996	209	209	11.00	475.00	243.20	384.00	50829.00
chr9	131669435	131671600	2165	2165	12.00	114.00	49.99	50.00	108231.00
chr2	220164026	220164271	245	245	2.00	316.00	101.25	7.00	24806.00
chr19	7589846	7590052	206	206	7.00	37.00	21.79	25.00	4488.00
chr6	91260186	91260268	82	82	25.00	38.00	33.27	33.00	2728.00
chr9	124543742	124543830	88	88	91.00	113.00	103.85	102.00	9139.00
chr12	54071005	54071170	165	165	0.00	17.00	10.69	10.00	1764.00
chr2	40443	41212	769	769	2.00	9.00	4.36	4.00	3351.00
chr11	67852159	67852747	588	588	0.00	7.00	3.16	3.00	1860.00
chr8	8233762	8234810	1048	1048	0.00	22.00	8.89	8.50	9320.00
chr2	175671113	175672148	1035	1035	0.00	6.00	2.73	3.00	2821.00
chr7	138984922	138985438	516	516	0.00	4.00	1.80	2.00	927.00
chr22	40816850	40817104	254	254	34.00	66.00	54.37	56.00	13811.00
chr19	14263120	14263249	129	129	177.00	247.00	214.19	214.00	27630.00
chr19	16962222	16962345	123	123	47.00	67.00	57.93	58.00	7126.00
chr1	109813838	109813918	80	80	254.00	321.00	273.15	272.00	21852.00
chr3	49898148	49898562	414	414	2.00	403.00	160.33	209.50	66378.00
chr17	17131202	17131510	308	308	6.00	35.00	23.46	24.00	7227.00
chr1	21936067	21936139	72	72	154.00	178.00	162.88	162.00	11727.00
chr3	130424404	130424615	211	211	16.00	25.00	20.54	21.00	4334.00
chr12	56532710	56532797	87	87	16.00	27.00	20.84	21.00	1813.00
chr16	29888591	29888788	197	197	210.00	292.00	249.89	245.00	49229.00
chr2	114394588	114396196	1608	1608	7.00	44.00	19.56	18.00	31460.00
chr3	124180736	124180803	67	67	48.00	73.00	60.39	62.00	4046.00
chr9	111798485	111798660	175	175	17.00	27.00	22.18	23.00	3882.00
chr10	73847897	73848372	475	475	13.00	179.00	83.27	86.00	39555.00
chr22	21075585	21075706	121	121	262.00	339.00	299.54	295.00	36244.00
chr22	20920753	20921104	351	351	13.00	83.00	39.82	40.00	13976.00
chr9	140953020	140953185	165	165	10.00	16.00	12.35	12.00	2038.00
chr22	41620970	41621075	105	105	37.00	56.00	47.40	49.00	4977.00
chr11	6243671	6243839	168	168	15.00	28.00	20.60	20.00	3460.00
chr15	74704225	74704353	128	128	50.00	74.00	65.29	68.00	8357.00
chr3	48719780	48719985	205	205	18.00	51.00	34.49	34.00	7071.00
chr1	222833247	222833348	101	101	26.00	44.00	32.44	31.00	3276.00
chr1	6583675	6584824	1149	1149	3.00	35.00	16.37	17.00	18809.00
chr11	126135857	126135976	119	119	76.00	90.00	83.77	84.00	9969.00
chr8	75156763	75157410	647	647	3.00	26.00	13.41	12.00	8678.00
chr15	83345212	83345389	177	177	98.00	173.00	134.32	132.00	23774.00
chr14	68031638	68032561	923	923	1.00	11.00	5.54	6.00	5113.00
chr19	42479780	42479949	169	169	2574.00	3115.00	2827.28	2825.00	477810.00
chr16	31503329	31503407	78	78	139.00	182.00	157.03	155.50	12248.00
chr17	1564564	1564700	136	136	43.00	64.00	50.18	50.00	6824.00
chr16	58717858	58718082	224	224	2.00	8.00	6.16	7.00	1380.00
chr14	71575320	71575763	443	443	14.00	51.00	34.02	35.00	15072.00
chr1	202934498	202934628	130	130	68.00	82.00	74.50	75.00	9685.00
chr7	73118477	73118586	109	109	265.00	323.00	301.20	303.00	32831.00
chr19	13365908	13366073	165	165	27.00	52.00	39.21	39.00	6470.00
chr10	102265117	102265958	841	841	5.00	22.00	12.44	12.00	10462.00
chr9	139983320	139983457	137	137	37.00	59.00	49.29	50.00	6753.00
chr18	29206245	29206347	102	102	18.00	27.00	24.14	25.00	2462.00
chr12	120578662	120578827	165	165	29.00	53.00	42.12	44.00	6950.00
chr5	757516	758226	710	710	1.00	11.00	6.76	7.00	4798.00
chr8	21632483	21632567	84	84	7.00	13.00	10.33	10.00	868.00
chr4	54011499	54011749	250	250	19.00	44.00	31.10	32.00	7774.00
chr8	141680613	141681365	752	752	0.00	22.00	11.06	11.00	8316.00
chr11	57367351	57367850	499	499	14.00	43.00	22.79	21.00	11374.00
chr12	63980009	63980784	775	775	0.00	9.00	3.63	4.00	2812.00
chr9	140057042	140057203	161	161	5.00	687.00	570.43	606.00	91840.00
chr2	7055953	7056098	145	145	0.00	6.00	2.82	3.00	409.00
chr12	52387768	52389043	1275	1275	1.00	72.00	38.36	34.00	48910.00
chr19	50104931	50105175	244	244	11.00	44.00	23.86	21.50	5821.00
chr19	5218430	5218543	113	113	153.00	201.00	174.08	174.00	19671.00
chr16	29898969	29899138	169	169	86.00	144.00	106.99	107.00	18082.00
chr7	99030900	99031041	141	141	11.00	20.00	15.14	16.00	2135.00
chr17	36692926	36693212	286	286	6.00	19.00	10.87	10.00	3108.00
chr15	73857770	73859335	1565	1565	0.00	23.00	12.25	12.00	19168.00
chr6	44104085	44104176	91	91	53.00	70.00	61.62	62.00	5607.00
chr1	21938518	21938602	84	84	184.00	238.00	207.26	207.00	17410.00
chr19	13423482	13423595	113	113	2.00	12.00	5.91	5.00	668.00
chr16	70292882	70293089	207	207	212.00	376.00	291.66	302.00	60373.00
chr18	61060641	61060782	141	141	35.00	56.00	44.16	44.00	6227.00
chr16	22269814	22270016	202	202	1.00	8.00	4.22	4.00	853.00
chr1	21554423	21554534	111	111	18.00	24.00	21.30	22.00	2364.00
chr9	140057255	140057455	200	200	5.00	925.00	593.20	719.50	118639.00
chr7	1488255	1488397	142	142	16.00	32.00	24.20	25.00	3436.00
chr14	100166351	100166438	87	87	85.00	109.00	96.79	97.00	8421.00
chr9	101065522	101065705	183	183	80.00	125.00	98.66	100.00	18054.00
chr5	68411752	68412041	289	289	6.00	27.00	15.87	15.00	4585.00
chr1	2452539	2452754	215	215	9.00	27.00	19.25	18.00	4138.00
chr1	21564626	21564737	111	111	16.00	29.00	20.91	21.00	2321.00
chr13	42037713	42039066	1353	1353	3.00	23.00	9.50	9.00	12856.00
chr2	114350236	114350443	207	207	2.00	27.00	14.47	16.00	2996.00
chr1	21939668	21939722	54	54	201.00	234.00	218.67	219.00	11808.00
chr9	139353895	139354007	112	112	18.00	26.00	21.73	21.50	2434.00
chr7	102176367	102176618	251	251	7.00	22.00	13.23	13.00	3320.00
chr3	51411753	51412018	265	265	2.00	47.00	17.73	5.00	4699.00
chr17	73888091	73888266	175	175	4.00	14.00	9.41	10.00	1646.00
chr13	103297258	103297435	177	177	0.00	30.00	15.67	22.00	2774.00
chr15	63922664	63922834	170	170	69.00	117.00	92.63	95.00	15747.00
chr3	33400774	33400849	75	75	11.00	16.00	13.40	13.00	1005.00
chr22	50671744	50671955	211	211	16.00	28.00	20.16	19.00	4254.00
chr1	21190968	21191205	237	237	64.00	119.00	88.77	90.00	21039.00
chr5	14481649	14481727	78	78	63.00	77.00	69.99	70.50	5459.00
chr15	101605556	101606410	854	854	4.00	21.00	12.15	13.00	10375.00
chr17	80040402	80040554	152	152	177.00	259.00	222.61	223.00	33836.00
chr2	132269293	132270897	1604	1604	2.00	31.00	17.27	18.00	27700.00
chr11	1778553	1778786	233	233	485.00	783.00	632.36	655.00	147339.00
chr11	1469616	1469808	192	192	14.00	30.00	20.32	20.00	3901.00
chr12	120138549	120138630	81	81	50.00	73.00	58.72	60.00	4756.00
chr7	901016	901101	85	85	48.00	71.00	61.41	63.00	5220.00
chr19	13372263	13372424	161	161	25.00	50.00	40.48	41.00	6518.00
chr17	40843154	40843311	157	157	74.00	126.00	97.70	95.00	15339.00
chr17	80039476	80039719	243	243	235.00	314.00	274.74	277.00	66761.00
chr17	16681109	16687365	6256	6256	0.00	81.00	16.95	13.00	106008.00
chr1	116935475	116935610	135	135	532.00	738.00	640.06	647.00	86408.00
chr6	128294808	128294972	164	164	47.00	77.00	67.41	69.00	11056.00
chr5	109189927	109190617	690	690	0.00	3.00	0.75	0.00	519.00
chr15	40757533	40757634	101	101	13.00	35.00	27.81	30.00	2809.00
chr2	220164706	220164981	275	275	132.00	320.00	231.12	229.00	63557.00
chr3	164905164	164908639	3475	3475	0.00	66.00	20.55	15.00	71406.00
chr11	60699157	60699356	199	199	23.00	89.00	60.47	60.00	12033.00
chr2	96680301	96680717	416	416	0.00	10.00	3.72	3.00	1548.00
chr17	40845314	40845554	240	240	121.00	175.00	146.44	146.00	35145.00
chr12	125264513	125265391	878	878	9.00	32.00	19.21	19.00	16865.00
chr1	156623704	156624158	454	454	9.00	24.00	16.41	16.00	7451.00
chr6	108370456	108370622	166	166	34.00	63.00	46.77	43.00	7763.00
chr11	19180486	19180587	101	101	6.00	17.00	10.82	10.00	1093.00
chr19	42489069	42489338	269	269	365.00	877.00	642.42	711.00	172810.00
chr2	198274493	198274731	238	238	46.00	74.00	61.63	62.00	14669.00
chr6	47220991	47221257	266	266	83.00	141.00	113.96	113.00	30313.00
chr19	40872679	40872822	143	143	638.00	1013.00	861.53	915.00	123199.00
chr19	54693278	54693627	349	349	0.00	36.00	17.81	18.00	6217.00
chr12	81929	82174	245	245	4.00	18.00	11.62	14.00	2847.00
chr21	45513943	45514114	171	171	34.00	67.00	50.81	53.00	8688.00
chr3	124201630	124201747	117	117	0.00	106.00	73.13	89.00	8556.00
chr17	79805118	79805223	105	105	129.00	155.00	141.76	142.00	14885.00
chr20	46307419	46307548	129	129	186.00	264.00	221.46	220.00	28568.00
chr17	38187790	38187873	83	83	40.00	49.00	45.08	45.00	3742.00
chr2	207452814	207452878	64	64	33.00	61.00	46.94	50.00	3004.00
chr17	45695715	45695823	108	108	88.00	135.00	110.36	113.00	11919.00
chr7	44283023	44283126	103	103	539.00	674.00	600.77	598.00	61879.00
chr20	62274975	62275284	309	309	0.00	1112.00	514.99	790.00	159132.00
chr11	108202605	108202764	159	159	7.00	17.00	11.76	12.00	1870.00
chr9	140051314	140051489	175	175	192.00	307.00	225.31	215.00	39429.00
chr22	45574118	45574781	663	663	14.00	38.00	25.63	27.00	16992.00
chr15	79312382	79312446	64	64	33.00	44.00	39.53	39.00	2530.00
chr1	21940120	21940199	79	79	189.00	234.00	219.15	221.00	17313.00
chr17	3775847	3775921	74	74	159.00	216.00	189.14	193.50	13996.00
chr7	73133931	73134019	88	88	0.00	178.00	55.70	40.00	4902.00
chr11	72292920	72292991	71	71	186.00	219.00	200.69	200.00	14249.00
chr7	43547616	43547730	114	114	6.00	14.00	9.04	9.00	1030.00
chr16	58713760	58714145	385	385	6.00	18.00	10.17	10.00	3914.00
chr22	21083600	21083794	194	194	160.00	317.00	243.33	263.50	47206.00
chr11	66457275	66457414	139	139	161.00	228.00	190.21	183.00	26439.00
chr15	91561034	91561115	81	81	9.00	20.00	15.06	17.00	1220.00
chr11	2968525	2969001	476	476	3.00	15.00	8.34	8.00	3968.00
chr19	34869838	34869910	72	72	665.00	856.00	753.79	752.50	54273.00
chr9	121970996	121971219	223	223	132.00	191.00	157.74	158.00	35176.00
chr3	47449772	47449980	208	208	7.00	38.00	23.75	27.00	4939.00
chr12	57601820	57601999	179	179	140.00	223.00	183.59	187.00	32863.00
chr16	2345590	2345741	151	151	57.00	99.00	74.19	71.00	11203.00
chr12	50471782	50471910	128	128	26.00	35.00	31.80	32.00	4071.00
chr1	109814221	109814344	123	123	432.00	496.00	465.65	467.00	57275.00
chr19	16942304	16942458	154	154	28.00	55.00	46.53	47.00	7166.00
chr11	66333301	66333398	97	97	190.00	243.00	217.54	217.00	21101.00
chr5	74026084	74026223	139	139	44.00	72.00	56.99	57.00	7922.00
chr5	68417520	68417722	202	202	15.00	31.00	25.18	25.00	5087.00
chr19	15272262	15272525	263	263	23.00	50.00	34.35	37.00	9034.00
chr3	45872404	45872482	78	78	14.00	25.00	19.12	19.00	1491.00
chr7	73123374	73123452	78	78	181.00	272.00	230.33	237.50	17966.00
chr5	14498197	14498360	163	163	56.00	111.00	81.83	83.00	13339.00
chr14	93180167	93180230	63	63	53.00	71.00	61.17	61.00	3854.00
chr9	130984739	130984875	136	136	739.00	906.00	814.06	810.00	110712.00
chr13	31216764	31216894	130	130	11.00	23.00	15.22	14.00	1978.00
chr12	112614399	112614506	107	107	22.00	59.00	41.90	41.00	4483.00
chr12	57602865	57602982	117	117	200.00	248.00	222.29	222.00	26008.00
chr14	72976861	72976987	126	126	5.00	11.00	8.15	9.00	1027.00
chr1	155209406	155209553	147	147	35.00	60.00	49.12	49.00	7220.00
chr10	49633930	49634113	183	183	42.00	71.00	57.49	58.00	10520.00
chr16	84100093	84100218	125	125	74.00	146.00	114.56	115.00	14320.00
chr1	155207924	155208097	173	173	68.00	111.00	85.13	82.00	14728.00
chr12	2786898	2787033	135	135	11.00	22.00	14.71	14.00	1986.00
chr2	233755457	233756197	740	740	0.00	41.00	7.07	2.00	5229.00
chr14	60631894	60632099	205	205	10.00	61.00	40.11	47.00	8222.00
chr1	11151549	11151654	105	105	39.00	51.00	45.40	46.00	4767.00
chr4	134076071	134076178	107	107	22.00	31.00	26.94	28.00	2883.00
chr15	91420364	91420441	77	77	42.00	62.00	51.69	51.00	3980.00
chr5	114961533	114961755	222	222	2.00	19.00	11.35	13.00	2520.00
chr16	1814047	1814211	164	164	7.00	276.00	140.80	207.00	23091.00
chr18	44250463	44252581	2118	2118	3.00	43.00	22.12	21.00	46852.00
chr6	158049380	158049518	138	138	39.00	67.00	49.28	48.00	6801.00
chr19	7675585	7675679	94	94	14.00	28.00	21.98	24.00	2066.00
chr13	99461604	99461719	115	115	20.00	99.00	75.00	83.00	8625.00
chr11	130010829	130011467	638	638	0.00	522.00	61.05	14.00	38947.00
chr11	107526658	107526792	134	134	98.00	160.00	132.02	134.00	17691.00
chr16	1391294	1391490	196	196	19.00	44.00	31.23	31.00	6121.00
chr1	38182716	38184158	1442	1442	3.00	55.00	26.73	26.00	38542.00
chr5	179231023	179231323	300	300	4.00	18.00	9.43	9.00	2828.00
chr14	69814593	69814719	126	126	102.00	153.00	132.29	139.00	16668.00
chr14	69349174	69349309	135	135	48.00	72.00	61.10	62.00	8249.00
chr19	7614792	7614998	206	206	74.00	111.00	92.04	89.00	18960.00
chr1	228270375	228270466	91	91	3.00	647.00	189.82	70.00	17274.00
chr1	38186022	38186315	293	293	1.00	12.00	6.96	8.00	2038.00
chr13	77641715	77641999	284	284	61.00	94.00	75.56	74.00	21460.00
chr14	100157417	100157498	81	81	24.00	63.00	42.37	34.00	3432.00
chr13	32978280	32979333	1053	1053	0.00	14.00	3.72	3.00	3918.00
chr12	7301567	7301794	227	227	224.00	510.00	367.30	381.00	83378.00
chr9	123583116	123583257	141	141	14.00	23.00	19.01	19.00	2680.00
chr17	26883183	26883284	101	101	49.00	83.00	65.24	64.00	6589.00
chr12	6972993	6973137	144	144	186.00	223.00	202.12	202.00	29105.00
chr20	34322310	34322637	327	327	1.00	8.00	3.32	2.00	1087.00
chr19	7606407	7606570	163	163	31.00	56.00	43.88	45.00	7152.00
chr16	2333186	2333373	187	187	7.00	217.00	154.95	166.00	28976.00
chr12	113825548	113825711	163	163	54.00	69.00	61.77	61.00	10069.00
chr7	4802013	4807749	5736	5736	1.00	30.00	10.69	9.00	61317.00
chr1	43394880	43394985	105	105	183.00	239.00	212.46	211.00	22308.00
chr19	4554399	4554488	89	89	285.00	361.00	326.93	334.00	29097.00
chr16	31719139	31719372	233	233	1.00	12.00	6.65	6.00	1550.00
chr5	134060669	134061744	1075	1075	1.00	20.00	7.18	6.00	7720.00
chr1	202936318	202936371	53	53	2.00	24.00	12.60	14.00	668.00
chr2	220087366	220087615	249	249	79.00	125.00	104.51	106.00	26024.00
chr2	36764494	36764689	195	195	7.00	21.00	11.98	10.00	2337.00
chr7	43519208	43519343	135	135	7.00	15.00	10.33	9.00	1395.00
chr10	51249585	51249993	408	408	0.00	11.00	5.00	6.00	2041.00
chr6	32123647	32123755	108	108	37.00	55.00	47.66	48.00	5147.00
chr3	118624442	118624692	250	250	1.00	23.00	9.74	3.00	2435.00
chr1	190129797	190130020	223	223	9.00	23.00	16.94	17.00	3778.00
chr9	131004491	131004624	133	133	8.00	1911.00	997.91	1004.00	132722.00
chr22	33679187	33679334	147	147	88.00	128.00	106.39	106.00	15640.00
chr15	74709931	74710016	85	85	19.00	29.00	23.86	23.00	2028.00
chr7	6470110	6470238	128	128	14.00	21.00	16.70	16.00	2137.00
chr1	6640600	6641359	759	759	2.00	18.00	9.85	10.00	7474.00
chr16	31510622	31510728	106	106	62.00	92.00	82.60	84.00	8756.00
chr4	103710287	103711803	1516	1516	1.00	10.00	5.59	6.00	8481.00
chr19	2862339	2862746	407	407	0.00	7.00	3.65	4.00	1485.00
chr2	15467873	15467994	121	121	17.00	26.00	21.66	22.00	2621.00
chr2	36780721	36781492	771	771	2.00	9.00	5.30	5.00	4088.00
chr10	81070680	81070941	261	261	6.00	17.00	10.55	10.00	2754.00
chr2	217234866	217235986	1120	1120	3.00	19.00	9.21	9.00	10311.00
chr10	93786348	93786508	160	160	12.00	19.00	15.47	15.00	2475.00
chr17	20268785	20269076	291	291	0.00	7.00	2.65	2.00	770.00
chr9	131002006	131002062	56	56	33.00	1165.00	660.73	741.00	37001.00
chr1	155208307	155208441	134	134	43.00	115.00	81.95	89.00	10981.00
chr2	162833877	162834373	496	496	0.00	114.00	8.71	0.00	4318.00
chr9	35799614	35799728	114	114	6.00	15.00	10.62	11.00	1211.00
chr20	62517856	62519234	1378	1378	2.00	86.00	25.45	26.00	35069.00
chr22	35942847	35943127	280	280	23.00	50.00	37.27	40.00	10435.00
chr13	26436438	26436546	108	108	11.00	20.00	16.92	17.00	1827.00
chr14	69371371	69371453	82	82	33.00	46.00	39.34	39.00	3226.00
chr7	44031274	44031581	307	307	0.00	32.00	10.83	7.00	3326.00
chr11	12274988	12275291	303	303	0.00	18.00	7.62	7.00	2308.00
chr5	1334403	1334498	95	95	70.00	107.00	86.46	87.00	8214.00
chr19	34868639	34868786	147	147	552.00	869.00	685.12	669.00	100712.00
chr16	1815960	1816143	183	183	208.00	285.00	236.21	234.00	43226.00
chr10	73578787	73578868	81	81	1004.00	1808.00	1460.93	1579.00	118335.00
chr17	37420427	37420640	213	213	5.00	17.00	10.93	11.00	2328.00
chr5	60835422	60835586	164	164	5.00	13.00	9.18	10.00	1506.00
chr15	79296143	79296517	374	374	78.00	131.00	101.22	99.00	37855.00
chr19	13039568	13039661	93	93	112.00	148.00	132.29	135.00	12303.00
chr12	49421585	49421713	128	128	16.00	32.00	24.88	26.00	3184.00
chr1	1661057	1662583	1526	1526	7.00	133.00	68.59	63.00	104675.00
chr2	207457340	207457460	120	120	58.00	91.00	72.89	72.00	8747.00
chr11	64542462	64543441	979	979	1.00	11.00	6.41	7.00	6273.00
chr20	61910250	61910347	97	97	68.00	83.00	75.72	76.00	7345.00
chr11	62394042	62394156	114	114	135.00	175.00	157.96	159.00	18007.00
chr5	37301538	37301652	114	114	6.00	14.00	9.56	10.00	1090.00
chr16	4733843	4733933	90	90	92.00	123.00	112.11	113.00	10090.00
chr15	43693913	43694048	135	135	18.00	24.00	20.53	21.00	2772.00
chr11	18764538	18764622	84	84	32.00	55.00	44.39	45.50	3729.00
chr17	57842331	57842499	168	168	43.00	66.00	55.49	56.00	9322.00
chr9	96076729	96078064	1335	1335	1.00	22.00	10.02	10.00	13374.00
chr11	12246219	12246367	148	148	123.00	164.00	142.08	141.00	21028.00
chr12	7030743	7031565	822	822	8.00	1105.00	426.10	19.00	350258.00
chr3	14523178	14523349	171	171	7.00	27.00	20.05	22.00	3429.00
chr5	758508	759483	975	975	0.00	11.00	4.49	5.00	4378.00
chr12	22635490	22635677	187	187	12.00	25.00	17.54	17.00	3280.00
chr5	14479369	14479459	90	90	68.00	98.00	82.48	83.00	7423.00
chr6	143655214	143656079	865	865	0.00	20.00	5.15	3.00	4458.00
chr7	75508360	75508578	218	218	36.00	506.00	338.21	379.50	73729.00
chr11	60697981	60698131	150	150	31.00	49.00	39.30	39.00	5895.00
chr1	151400598	151400889	291	291	28.00	52.00	40.35	40.00	11743.00
chr5	172196431	172197309	878	878	19.00	324.00	121.36	65.00	106558.00
chr3	49152660	49152794	134	134	11.00	31.00	21.47	20.00	2877.00
chr7	5518281	5519950	1669	1669	11.00	51.00	27.38	27.00	45691.00
chr17	16691106	16691449	343	343	4.00	68.00	31.85	37.00	10925.00
chr2	220086993	220087172	179	179	80.00	108.00	94.25	95.00	16870.00
chr10	51746916	51748006	1090	1090	2.00	54.00	19.59	15.00	21349.00
chr12	7302118	7302289	171	171	362.00	462.00	397.06	394.00	67898.00
chr11	59562844	59562955	111	111	7.00	25.00	14.68	14.00	1629.00
chr12	6100984	6101184	200	200	49.00	79.00	59.47	59.00	11894.00
chr19	5683274	5683627	353	353	1.00	12.00	5.86	5.00	2067.00
chr12	2786259	2786387	128	128	11.00	18.00	14.70	15.00	1881.00
chr15	26812727	26812880	153	153	39.00	58.00	47.99	49.00	7342.00
chr1	149007980	149008798	818	818	0.00	14.00	4.00	4.00	3273.00
chr19	54965608	54965861	253	253	73.00	142.00	113.69	117.00	28763.00
chr8	27293259	27293310	51	51	167.00	202.00	183.94	183.00	9381.00
chr15	23014437	23014528	91	91	32.00	46.00	40.03	41.00	3643.00
chr1	111717500	111717585	85	85	18.00	31.00	26.15	26.00	2223.00
chr6	150157220	150157433	213	213	53.00	93.00	74.62	75.00	15893.00
chr13	114566547	114566670	123	123	12.00	32.00	19.27	17.00	2370.00
chr16	58539291	58539605	314	314	2.00	16.00	9.94	10.00	3121.00
chr1	21936612	21936768	156	156	152.00	250.00	199.34	195.00	31097.00
chr1	17322880	17322991	111	111	119.00	197.00	150.91	150.00	16751.00
chr11	60699455	60699599	144	144	54.00	84.00	63.13	61.00	9091.00
chr5	6749669	6749770	101	101	15.00	24.00	18.44	18.00	1862.00
chr16	2156805	2156949	144	144	55.00	168.00	122.15	129.00	17590.00
chr15	34690834	34690930	96	96	40.00	126.00	97.11	109.00	9323.00
chr3	11074933	11075425	492	492	2.00	136.00	31.53	11.00	15511.00
chr5	74655222	74655381	159	159	65.00	119.00	87.52	89.00	13916.00
chr20	20022968	20023160	192	192	19.00	36.00	27.94	29.00	5364.00
chr2	39055481	39055578	97	97	10.00	14.00	12.10	12.00	1174.00
chr19	16793231	16793528	297	297	3.00	35.00	13.09	6.00	3888.00
chr2	219205450	219205509	59	59	25.00	34.00	30.88	32.00	1822.00
chr17	74087429	74087729	300	300	2.00	17.00	9.68	10.00	2905.00
chr3	184058150	184060036	1886	1886	3.00	395.00	58.12	20.00	109620.00
chr6	90333128	90333263	135	135	22.00	43.00	34.16	35.00	4611.00
chr12	125267019	125267429	410	410	5.00	21.00	11.93	12.00	4890.00
chr1	207942580	207943104	524	524	4.00	32.00	17.81	18.00	9330.00
chr4	89356876	89357043	167	167	15.00	26.00	19.59	19.00	3272.00
chr7	101995498	101995736	238	238	1.00	11.00	6.73	7.00	1601.00
chr3	11067458	11067562	104	104	106.00	138.00	119.44	117.00	12422.00
chr5	95734582	95734740	158	158	1.00	10.00	5.36	5.00	847.00
chr6	152529106	152529341	235	235	24.00	41.00	33.13	34.00	7785.00
chr5	102295578	102295763	185	185	38.00	61.00	52.21	53.00	9658.00
chr22	21072980	21073110	130	130	276.00	484.00	341.16	332.50	44351.00
chr12	121855306	121855714	408	408	16.00	65.00	33.52	33.00	13676.00
chr1	160326389	160326544	155	155	77.00	111.00	93.83	97.00	14544.00
chr11	60670930	60671007	77	77	113.00	142.00	125.65	124.00	9675.00
chr17	79804822	79804948	126	126	131.00	197.00	158.90	155.00	20022.00
chr16	18527204	18527332	128	128	177.00	325.00	268.48	282.00	34366.00
chr16	16372518	16372646	128	128	177.00	325.00	268.48	282.00	34366.00
chr2	32750530	32750695	165	165	7.00	18.00	13.03	13.00	2150.00
chr14	69369193	69369279	86	86	33.00	52.00	42.59	43.00	3663.00
chr7	66418212	66418356	144	144	54.00	84.00	70.24	70.00	10114.00
chr6	44107988	44108097	109	109	68.00	99.00	85.63	89.00	9334.00
chr7	70885893	70886091	198	198	160.00	241.00	201.15	198.00	39828.00
chr8	27295281	27295397	116	116	227.00	322.00	279.34	280.00	32403.00
chr7	73122918	73123018	100	100	243.00	361.00	304.57	301.00	30457.00
chr15	34698874	34699071	197	197	87.00	123.00	102.62	101.00	20216.00
chr8	22009343	22009513	170	170	74.00	111.00	92.15	92.00	15665.00
chr7	1526557	1526737	180	180	14.00	25.00	19.42	20.00	3495.00
chr5	178053946	178054065	119	119	5.00	32.00	16.10	14.00	1916.00
chr12	6103027	6103369	342	342	33.00	64.00	47.82	48.00	16354.00
chr2	3479491	3480482	991	991	1.00	25.00	12.64	12.00	12524.00
chr3	33883388	33883566	178	178	31.00	49.00	39.12	39.00	6964.00
chr19	11019778	11019883	105	105	58.00	91.00	75.88	75.00	7967.00
chr7	98446205	98446318	113	113	594.00	937.00	763.65	778.00	86292.00
chr8	106813274	106813932	658	658	6.00	25.00	15.65	16.00	10297.00
chr2	223795338	223795530	192	192	74.00	111.00	92.11	94.00	17685.00
chr7	75511146	75511554	408	408	474.00	1058.00	753.06	747.00	307249.00
chr21	40184926	40185038	112	112	20.00	31.00	26.34	26.00	2950.00
chr19	53383575	53385236	1661	1661	2.00	22.00	9.77	9.00	16225.00
chr19	14208130	14208295	165	165	5.00	258.00	173.64	224.00	28650.00
chr15	91461013	91461618	605	605	16.00	193.00	71.92	28.00	43513.00
chr8	145278010	145278133	123	123	10.00	19.00	14.42	14.00	1774.00
chr16	28132990	28133083	93	93	92.00	122.00	109.46	110.00	10180.00
chr11	125280091	125280221	130	130	13.00	21.00	16.56	17.00	2153.00
chr15	63128089	63128317	228	228	10.00	77.00	55.20	64.00	12585.00
chr9	131181435	131181557	122	122	5.00	243.00	208.13	212.00	25392.00
chr19	3281196	3281343	147	147	48.00	84.00	67.14	70.00	9869.00
chr11	6240200	6240280	80	80	17.00	28.00	23.01	23.00	1841.00
chr20	31019123	31019287	164	164	3.00	12.00	7.65	7.00	1255.00
chr6	46825865	46827260	1395	1395	11.00	51.00	30.51	31.00	42558.00
chr12	1672006	1672666	660	660	0.00	5.00	1.84	1.00	1216.00
chr12	9098824	9099001	177	177	38.00	84.00	57.82	59.00	10235.00
chr7	121738503	121738630	127	127	6.00	14.00	8.99	8.00	1142.00
chr19	40875814	40875935	121	121	544.00	656.00	595.74	593.00	72084.00
chr20	3581592	3581671	79	79	18.00	31.00	24.62	24.00	1945.00
chr17	7226965	7227042	77	77	27.00	41.00	36.39	38.00	2802.00
chr2	74331800	74332809	1009	1009	1.00	18.00	7.82	7.00	7893.00
chr1	209785136	209785610	474	474	2.00	154.00	105.59	114.00	50049.00
chr9	35546426	35548532	2106	2106	11.00	88.00	46.77	45.00	98508.00
chr17	80040198	80040290	92	92	181.00	222.00	203.98	205.00	18766.00
chr11	73074791	73075284	493	493	4.00	154.00	55.41	24.00	27316.00
chr20	44674976	44675075	99	99	63.00	86.00	75.21	76.00	7446.00
chr20	5892091	5892328	237	237	5.00	584.00	281.65	359.00	66751.00
chr17	20316581	20317594	1013	1013	1.00	10.00	4.03	4.00	4082.00
chr12	99478702	99478801	99	99	32.00	47.00	41.48	42.00	4107.00
chr17	40842756	40842960	204	204	82.00	120.00	102.31	104.00	20871.00
chr11	107501142	107501288	146	146	39.00	65.00	53.10	53.00	7752.00
chr11	85429236	85429532	296	296	0.00	1.00	0.26	0.00	76.00
chr20	9449217	9449319	102	102	2.00	6.00	3.79	3.00	387.00
chr14	23371395	23371591	196	196	50.00	72.00	63.27	63.00	12401.00
chr7	716865	716957	92	92	660.00	860.00	793.75	808.00	73025.00
chr10	48862360	48862682	322	322	0.00	12.00	1.73	0.00	556.00
chr10	68686678	68688210	1532	1532	0.00	19.00	5.50	5.00	8424.00
chr5	179674854	179674926	72	72	75.00	100.00	89.00	93.00	6408.00
chr1	209773327	209773456	129	129	47.00	80.00	65.68	65.00	8473.00
chr17	45691034	45691091	57	57	79.00	109.00	97.28	102.00	5545.00
chr1	19669871	19670118	247	247	5.00	22.00	11.97	10.00	2956.00
chr17	45664025	45664710	685	685	2.00	105.00	23.60	13.00	16169.00
chr19	2337634	2338840	1206	1206	3.00	37.00	13.75	12.00	16577.00
chr8	22011480	22011552	72	72	76.00	98.00	88.88	89.00	6399.00
